CCI,index,Annotation
1.5422411660353341,AAACACCAATAACTGC-1,0/CTXsp
-1.6680198013782501,AAACAGAGCGACTCCT-1,2/fxs
2.8689446250597634,AAACAGCTTTCAGAAG-1,0/CTXsp
0.700764258702596,AAACAGGGTCTATATT-1,0/CTXsp
4.280991691350937,AAACCGGGTAGGTACC-1,15/VL
-1.878036230802536,AAACCGTTCGTCCAGG-1,0/CTXsp
1.557201643784841,AAACGAGACGGTTGAT-1,7/CA1
0.880101184050242,AAACGTGTTCGCCCTA-1,8/RSP
-0.4353727921843529,AAACTCGTGATATAAG-1,8/RSP
-0.737377941608429,AAACTGCTGGCTCCAA-1,9/CA3
1.5012478629748025,AAACTTGCAAACGTAT-1,0/CTXsp
2.3621720165014266,AAAGACCCAAGTCGCG-1,1/MB
-0.9048965970675151,AAAGACTGGGCGCTTT-1,2/fxs
0.5435654997825623,AAAGCTTGCCTACATA-1,3/II_III_IV
-1.4679639578486483,AAAGGCTACGGACCAT-1,3/II_III_IV
-1.1129400432109833,AAAGGCTCTCGCGCCG-1,10/PIR
1.5013188334802787,AAAGGGATGTAGCAAG-1,4/TH
-3.023588260014852,AAAGGGCAGCTTGAAT-1,5/HYL
1.1017441352208457,AAAGGTAAGCTGTACC-1,8/RSP
0.5530999166270096,AAAGTAGCATTGCTCA-1,0/CTXsp
1.0165497461954751,AAAGTCACTGATGTAA-1,1/MB
0.3231165647506713,AAAGTCGACCCTCAGT-1,1/MB
2.007830649614334,AAAGTGTGATTTATCT-1,8/RSP
-1.9292754232883453,AAAGTTGACTCCCGTA-1,6/V_VIa_VIb
-1.5936399698257446,AAATAACCATACGGGA-1,2/fxs
-0.09923503796259558,AAATAAGGTAGTGCCC-1,3/II_III_IV
0.4524638752142588,AAATACCTATAAGCAT-1,2/fxs
0.5177116096019745,AAATAGCTTAGACTTT-1,3/II_III_IV
2.0933252374331155,AAATAGGGTGCTATTG-1,3/II_III_IV
0.3469432830810546,AAATCGCGGAAGGAGT-1,11/I
-1.2997996807098389,AAATCGTGTACCACAA-1,9/CA3
0.10301744937896729,AAATGATTCGATCAGC-1,6/V_VIa_VIb
-1.5430620908737183,AAATGCTCGTTACGTT-1,5/HYL
4.099750280380249,AAATGGCATGTCTTGT-1,1/MB
-2.2358187437057495,AAATGGCCCGTGCCCT-1,0/CTXsp
-6.286578416824341,AAATGGTCAATGTGCC-1,4/TH
-2.547992467880249,AAATGTATCTTATCCC-1,2/fxs
-0.86251350492239,AAATTAACGGGTAGCT-1,4/TH
-1.9012115001678467,AAATTAATAAGCGCGA-1,16/COA
-2.827523410320282,AAATTACACGACTCTG-1,7/CA1
-4.358515024185181,AAATTACCTATCGATG-1,7/CA1
1.0912139912446341,AAATTCCAGGTCCAAA-1,3/II_III_IV
2.5970389246940613,AAATTGATAGTCCTTT-1,10/PIR
0.8222966343164444,AAATTGGTGAGAAGCA-1,8/RSP
-0.9104819297790527,AAATTTGCGGGTGTGG-1,0/CTXsp
1.4705986051509778,AACAACTGGTAGTTGC-1,4/TH
2.0839906185865402,AACAATACATTGTCGA-1,0/CTXsp
-4.463119626045227,AACAATTACTCTACGC-1,5/HYL
2.8234514594078064,AACACACGCTCGCCGC-1,3/II_III_IV
6.2141309181849165,AACACGACTGTACTGA-1,1/MB
-0.19257621467113495,AACACGAGACGCGGCC-1,0/CTXsp
-1.243021865685781,AACAGCTGTGTGGCAA-1,0/CTXsp
-0.8276620209217072,AACAGGAAATCGAATA-1,1/MB
-0.41287732124328613,AACAGGATGGGCCGCG-1,5/HYL
-1.2077593207359314,AACATATCAACTGGTG-1,7/CA1
0.8454188207785287,AACATCGATACGTCTA-1,6/V_VIa_VIb
-3.738585948944092,AACATTGTGACTCGAG-1,11/I
0.748320655276378,AACCAAGACTTCTCTG-1,2/fxs
0.9564687808354697,AACCATGGGATCGCTA-1,1/MB
1.2686951756477356,AACCCAGAGACGGAGA-1,12/Parafascicular nucleus
-1.803142249584198,AACCCATCCCATGATC-1,0/CTXsp
1.6523868590593338,AACCCTACTGTCAATA-1,6/V_VIa_VIb
0.7064046164353688,AACCGAGCTTGGTCAT-1,4/TH
-3.258547971645991,AACCGCTAAGGGATGC-1,6/V_VIa_VIb
1.7505397895971933,AACCGTTGTGTTTGCT-1,1/MB
-0.4486856220755726,AACCTTTAAATACGGT-1,6/V_VIa_VIb
1.6802587111790974,AACCTTTACGACGTCT-1,2/fxs
-2.547992467880249,AACGAAAGTCGTCCCA-1,11/I
1.9392161617676418,AACGATAATGCCGTAG-1,6/V_VIa_VIb
1.2877637346585593,AACGATAGAAGGGCCG-1,12/Parafascicular nucleus
-1.546014279127121,AACGATATGTCAACTG-1,7/CA1
-1.7061461408933005,AACGCATGATCTGGGT-1,2/fxs
1.7999874154726663,AACGCGAACGGCAACA-1,1/MB
0.8140488813320795,AACGCGGTCTCCAGCC-1,4/TH
-0.6267283111810684,AACGGACGTACGTATA-1,3/II_III_IV
0.854717602332433,AACGTACTGTGGGTAC-1,2/fxs
-0.9668774008750916,AACGTCAGACTAGTGG-1,4/TH
4.40021538734436,AACGTGATGAAGGACA-1,15/VL
1.754498017330964,AACGTGCGAAAGTCTC-1,9/CA3
2.533821930487951,AACGTTATCAGCACCT-1,1/MB
-1.5149614959955215,AACTAGGCTTGGGTGT-1,6/V_VIa_VIb
0.0554633537928263,AACTCAAGTTAATTGC-1,5/HYL
2.3900584876537323,AACTCCTAATCCCATG-1,2/fxs
3.5540287494659424,AACTCGATGGCGCAGT-1,1/MB
0.2184235254923501,AACTCTCAATAGAGCG-1,7/CA1
0.8591179406891266,AACTCTCAGTGTGCTC-1,10/PIR
2.74993097782135,AACTGAGGTCAGCGTC-1,8/RSP
1.1173459688822427,AACTGATATTAGGCCT-1,5/HYL
-0.6381859332323074,AACTGGGTCCCGACGT-1,5/HYL
-2.1690521091222763,AACTTCTGCGTCTATC-1,1/MB
0.7053136626879375,AACTTGCCCGTATGCA-1,5/HYL
0.9183207576473555,AACTTGCGTTCTCGCG-1,1/MB
2.47708268960317,AACTTTACGGGAGCTT-1,16/COA
1.252760425209999,AACTTTCTCGATCATG-1,3/II_III_IV
0.8179749250411987,AAGAAGGATCAGTTAG-1,1/MB
-0.6617985218763351,AAGACCCAACTGAACA-1,10/PIR
0.3504602909088135,AAGACTGCAAGCTACT-1,9/CA3
0.0,AAGAGATGAATCGGTA-1,5/HYL
1.046024814248085,AAGAGCTCTTTATCGG-1,7/CA1
3.142577687899272,AAGAGGATGTACGCGA-1,2/fxs
1.0729964077472687,AAGAGGCATGGATCGC-1,7/CA1
0.6153903007507324,AAGATGGCACCGGACC-1,10/PIR
-0.4678823153177898,AAGATTGGCGGAACGT-1,7/CA1
-1.3328370153903961,AAGCACCCTGCGTATC-1,3/II_III_IV
2.168242690463861,AAGCATACTCTCCTGA-1,6/V_VIa_VIb
0.584331601858139,AAGCCGCTTTACCTTG-1,3/II_III_IV
1.4354382157325745,AAGCGGCGTCATGGGT-1,8/RSP
2.646180212497711,AAGCGTCCCTCATCGA-1,10/PIR
1.7235566675662992,AAGCTAGATCGAGTAA-1,6/V_VIa_VIb
-3.1138259768486023,AAGCTCGTGCCAAGTC-1,9/CA3
0.49569221337636304,AAGCTCTTTCATGGTG-1,3/II_III_IV
-0.5999407023191452,AAGGAGCGGTTGGTGC-1,4/TH
1.4995257556438446,AAGGATCGATCGCTTG-1,3/II_III_IV
-1.5315205951531727,AAGGATGAGGGACCTC-1,7/CA1
-1.356395959854126,AAGGCGCGTAAAGCTT-1,4/TH
0.7840419312318166,AAGGCTGTGCTCATCG-1,4/TH
2.2737646102905273,AAGGGACAGATTCTGT-1,7/CA1
-0.04587368170420336,AAGGGACTATGCATTC-1,0/CTXsp
0.8982235193252563,AAGGTATCCTAATATA-1,13/DG
-1.7817750871181488,AAGGTGATAAACCAGC-1,6/V_VIa_VIb
-0.831818163394928,AAGTAGAAGACCGGGT-1,12/Parafascicular nucleus
-0.6334006786346436,AAGTAGTGACGCGAGG-1,5/HYL
0.29319898287455237,AAGTCAATTGTCGTCA-1,3/II_III_IV
1.6990827719370523,AAGTCTAGTAGCTGCC-1,3/II_III_IV
1.200617472330729,AAGTCTTCTGTGGCCT-1,0/CTXsp
4.501808512210846,AAGTGACGACCGAATT-1,15/VL
0.8653260668118794,AAGTGAGTCGGGTTTA-1,3/II_III_IV
0.7085129022598267,AAGTGCAAAGGTAGAC-1,2/fxs
-0.5741090681403875,AAGTGCCTTGACTGTA-1,3/II_III_IV
2.1550677865743637,AAGTGCGTTAGAATCT-1,0/CTXsp
-1.3236008882522583,AAGTGTTTGGAGACGG-1,3/II_III_IV
3.7136181592941284,AAGTTCACTCCAAGCT-1,11/I
2.1927276055018106,AAGTTCAGTCTGCGTA-1,6/V_VIa_VIb
1.2175669074058533,AAGTTCGGCCAACAGG-1,1/MB
2.934384206930796,AATAACAACGCTCGGC-1,2/fxs
-2.3299434781074524,AATAACACTAGAACAA-1,0/CTXsp
0.2780929009119668,AATACAATGTTTCAGG-1,1/MB
0.44850313663482666,AATAGAACAGAGTGGC-1,2/fxs
0.3904113372166951,AATAGAATCTGTTTCA-1,8/RSP
1.307214617729187,AATAGCTACCGCGTGC-1,6/V_VIa_VIb
-1.0580064356327057,AATAGTCCGTCCCGAC-1,10/PIR
1.9253392020861306,AATAGTCGCGAGTCGG-1,2/fxs
-0.8606027513742447,AATATCCTAGCAAACT-1,0/CTXsp
-0.5743321180343628,AATATCGAGGGTTCTC-1,2/fxs
1.0540683448314667,AATATTGGAGTATTGA-1,2/fxs
-0.23161322250962257,AATCCAAGGGCCTGAG-1,2/fxs
-6.286578416824341,AATCGCCTCAGCGCCA-1,7/CA1
-1.2687296867370605,AATCTAGGTTTACTTG-1,0/CTXsp
-0.08101969957351685,AATCTATGCCGGAGCC-1,8/RSP
-0.631246288617452,AATCTCTACTGTGGTT-1,0/CTXsp
2.0930293202400208,AATCTGCGTTGGGACG-1,14/CA1-pyramidal layer of the hippocampus
0.5962221622467041,AATCTGGCTTTCTAGT-1,0/CTXsp
-1.2399537563323975,AATGACAGCAATGTCT-1,0/CTXsp
0.21907035509745265,AATGACGTAGGATGTC-1,7/CA1
-1.2739318956931434,AATGACTGTCAGCCGG-1,4/TH
-1.313504914442698,AATGAGTTCGCATATG-1,1/MB
-2.925029789408048,AATGATGATACGCTAT-1,7/CA1
0.530872384707133,AATGATGCGACTCCTG-1,2/fxs
1.9068224529425302,AATGCAACCGGGTACC-1,4/TH
-0.8596938848495483,AATGCACCAAGCAATG-1,2/fxs
-4.140241503715515,AATGGTCCACCGTTCA-1,2/fxs
1.0392866134643555,AATGGTTCTCACAAGC-1,4/TH
1.306547255565723,AATGTGCCCGAGGTGT-1,10/PIR
3.257946888605754,AATTAAAGGTCGGCGT-1,5/HYL
2.003794421752294,AATTAACGGATTTCCA-1,3/II_III_IV
3.2227359016736346,AATTACTCGTACGCTC-1,1/MB
-0.8477011770009995,AATTAGCGCTGCAGCG-1,6/V_VIa_VIb
0.2204042673110962,AATTCATAAGGGATCT-1,7/CA1
-3.0599887371063232,AATTCTAGAGTTAGGC-1,2/fxs
-2.599457859992981,AATTGAACGCTCTGGT-1,6/V_VIa_VIb
1.3408219317595165,AATTTGGGACATAGTA-1,2/fxs
1.010716160138448,ACAAAGAAGGTAGGCC-1,0/CTXsp
1.2965273757775624,ACAAATCGCACCGAAT-1,6/V_VIa_VIb
1.6866225525736809,ACAAATGGTAGTGTTT-1,6/V_VIa_VIb
2.0248080988725023,ACAACAGCATGAGCTA-1,9/CA3
1.7405857145786285,ACAACGGTCCCTGCGA-1,5/HYL
2.6456090609232588,ACAAGCAGTGCCTAGC-1,5/HYL
1.0628347516059875,ACAAGCTATATGGAAG-1,16/COA
2.5273134975383678,ACAAGGAAATCCGCCC-1,6/V_VIa_VIb
3.268960873285929,ACAAGGACAAGAGGTT-1,5/HYL
-1.4657898992300034,ACAAGGGCAGGCTCTG-1,9/CA3
2.469145029783249,ACAATAGTCGTACGTT-1,0/CTXsp
1.8323478599389393,ACAATCCATTTAAACC-1,5/HYL
-0.9510964453220367,ACAATGAATACGGAGA-1,0/CTXsp
1.9320892870426176,ACAATTGTGTCTCTTT-1,3/II_III_IV
0.6359753732879957,ACAATTTAGGAGGCTC-1,16/COA
0.9058386981487274,ACAATTTGAGCAGTGG-1,13/DG
2.733387152353923,ACACAAAGACGGGTGG-1,4/TH
1.8725255578756332,ACACAAATATTCCTAG-1,3/II_III_IV
-1.2482884526252747,ACACACCAGGACCAGT-1,6/V_VIa_VIb
1.0868088131149611,ACACACTTTCTACACG-1,1/MB
-0.960917703807354,ACACATGATCAAATCT-1,11/I
4.000970244407654,ACACATTGACGCAACA-1,1/MB
2.7912566463152566,ACACCACATAATTAGC-1,3/II_III_IV
-1.0173018500208855,ACACCCAGCATGCAGC-1,4/TH
2.346791793902715,ACACCCGAGAAATCCG-1,12/Parafascicular nucleus
1.7454855938752492,ACACCGAGCGCTCTTT-1,1/MB
-0.3062037341296673,ACACCTTAAGTAGGGC-1,4/TH
2.9404401779174805,ACACCTTACTACTTGC-1,3/II_III_IV
-0.6687466601530712,ACACGAGACTCCTTCT-1,4/TH
-1.4028935134410858,ACACGGGAACTTAGGG-1,4/TH
0.5880034565925598,ACACTCCAATGTCACT-1,1/MB
-3.0540075451135635,ACACTGATCAAGGTGT-1,2/fxs
-1.3662638068199158,ACAGAACTGAGAACAA-1,10/PIR
1.3226542274157205,ACAGCATAGAGCCAGT-1,1/MB
2.9040909806887307,ACAGCGCACCCGCAGC-1,15/VL
0.8388135768473148,ACAGGCTTGCCCGACT-1,3/II_III_IV
-1.3644627332687378,ACAGGTGGAGGTGAGG-1,0/CTXsp
0.0369209771354993,ACAGGTGTGTTGTTGC-1,0/CTXsp
-0.6448257341980934,ACAGTAATACAACTTG-1,0/CTXsp
2.3153949181238813,ACAGTATACCGTGGGA-1,8/RSP
3.184623340765635,ACATAATAAGGCGGTG-1,4/TH
1.106861885637045,ACATCAGCTGGGACGC-1,0/CTXsp
1.2807231495777764,ACATCCCGGCCATACG-1,10/PIR
0.5652884046236673,ACATCCTGGTAACTGT-1,3/II_III_IV
0.7556215425332387,ACATCGATCGTTTACC-1,9/CA3
-0.8744730949401855,ACATCGGTCAGCCGCG-1,2/fxs
-0.6333680301904678,ACATCGTATGCAATGG-1,6/V_VIa_VIb
4.451561272144318,ACATCGTTAACCTAGT-1,15/VL
2.078042248884837,ACATGGCGCCAAAGTA-1,3/II_III_IV
2.4493292570114136,ACATGGCTCAATTTAG-1,1/MB
-1.345592518647512,ACATTAGTTTATATCC-1,6/V_VIa_VIb
-0.8773094713687897,ACCAAACACCCAGCGA-1,8/RSP
2.027832994858424,ACCAACACCACACACT-1,6/V_VIa_VIb
-2.127821207046509,ACCAACGCTTATTTAT-1,6/V_VIa_VIb
2.8815561334292092,ACCAAGAACGCGTGTC-1,12/Parafascicular nucleus
0.31907638907432556,ACCAATATGCAAGTTA-1,3/II_III_IV
-3.9487003087997437,ACCACAAGTTTCTATC-1,4/TH
3.1713353594144187,ACCACCAATGTAACAA-1,3/II_III_IV
1.203415354092916,ACCACCCTCTCTTCTA-1,3/II_III_IV
0.22769577304522193,ACCACGTGCAGCTATA-1,6/V_VIa_VIb
-0.9748812168836594,ACCACTGTTCAAGAAG-1,1/MB
1.7660399774710336,ACCAGACCATAACAAC-1,0/CTXsp
3.6627070903778076,ACCAGTGCCCGGTCAA-1,8/RSP
0.5468528469403584,ACCAGTGCGGGAGACG-1,3/II_III_IV
1.779551381866137,ACCATATCCGCAATAA-1,5/HYL
-1.2389769610017538,ACCATCCGCCAACTAG-1,0/CTXsp
-2.84627698858579,ACCATCGTATATGGTA-1,2/fxs
2.3653408363461494,ACCATTAAGGGTGTCA-1,1/MB
-0.2983764708042145,ACCCAACGCCCGTGGC-1,7/CA1
1.4919806122779846,ACCCACCTACATGCTC-1,5/HYL
-0.6493498533964157,ACCCATCTTGAGGGTA-1,5/HYL
-0.5827242732048035,ACCCGAGCGAAATTAC-1,0/CTXsp
2.3539523979028067,ACCCGGAAACTCCCAG-1,6/V_VIa_VIb
0.8491653005282083,ACCCGGATGACGCATC-1,6/V_VIa_VIb
-0.5986039787530899,ACCCGGTTACACTTCC-1,2/fxs
0.580211599667867,ACCCGTGTCATCAGTA-1,10/PIR
3.3655798236529035,ACCCTATAGGACTGAG-1,1/MB
0.4002962509791055,ACCCTATGCCATATCG-1,10/PIR
0.817690203587214,ACCCTCCCTTGCTATT-1,6/V_VIa_VIb
2.9139938950538635,ACCCTGGTAACGCCCT-1,8/RSP
0.477483332157135,ACCCTTCATCTGCGAA-1,1/MB
2.441270460685094,ACCCTTGCCTGGGTCG-1,3/II_III_IV
2.3695237040519714,ACCGAAAGGGCCCTGC-1,1/MB
-0.37287160009145737,ACCGAAGAGTCTGGTT-1,0/CTXsp
3.6033027966817217,ACCGACACATCTCCCA-1,3/II_III_IV
1.3190360963344574,ACCGACTGAGTCCCAC-1,4/TH
2.1995279987653094,ACCGATGGTAGCATCG-1,7/CA1
1.3136476576328278,ACCGCAATAACTGCCT-1,6/V_VIa_VIb
-0.26424227158228564,ACCGCGGTGGAAGTCG-1,3/II_III_IV
2.9208416144053144,ACCGGGCCTTTGTTGA-1,3/II_III_IV
2.93787012497584,ACCGGTCAGGTACACC-1,11/I
1.708376663426558,ACCGTGACCACGTGGG-1,0/CTXsp
1.5147507141033807,ACCTAAGTACCTTTCA-1,0/CTXsp
1.698002747570475,ACCTAATCGACTTCCT-1,5/HYL
-2.121737241744995,ACCTACAGTATGTGGT-1,11/I
3.3748435775438943,ACCTCCGTTATTCACC-1,3/II_III_IV
1.0917949279149373,ACCTGCGTGTCATGTT-1,0/CTXsp
0.09230110918482148,ACGAAATGGGCGGCAC-1,2/fxs
-2.455825686454773,ACGACTGGTCATACTC-1,11/I
3.813209503889084,ACGAGATATTTGCTTA-1,15/VL
-0.15571544567743945,ACGAGGATACCACTCT-1,0/CTXsp
0.9375388026237488,ACGAGGTTTACAACGT-1,0/CTXsp
1.9516671101252236,ACGAGTACGGATGCCC-1,6/V_VIa_VIb
-0.7921322584152222,ACGATACATAGAACTA-1,13/DG
1.891061946377158,ACGATACCTATCCTGA-1,16/COA
0.3069317738215127,ACGATCATACATAGAG-1,4/TH
-1.7082002374033132,ACGATCATCTTGTAAA-1,6/V_VIa_VIb
0.6814999183019002,ACGATGCATATGTTAT-1,5/HYL
-1.6013086289167404,ACGCAAACTAATAGAT-1,3/II_III_IV
0.48529309034347534,ACGCAATCACTACAGC-1,6/V_VIa_VIb
-0.8234400749206543,ACGCATTCGTGAGTAC-1,4/TH
-0.24251527190208433,ACGCCAGATGATTTCT-1,5/HYL
-0.2550516426563263,ACGCCGCTAGACGACC-1,9/CA3
-3.1254860162734985,ACGCGAAGTCAGACGA-1,2/fxs
3.048962652683258,ACGCGCTACACAGGGT-1,15/VL
-0.8414596766233444,ACGCGGGCCAAGGACA-1,4/TH
1.9012566953897474,ACGCGTTTCTTAAGAG-1,16/COA
-1.394016981124878,ACGCTAGTGATACACT-1,2/fxs
2.360076973835627,ACGCTGTGAGGCGTAG-1,0/CTXsp
0.2598726352055867,ACGGAATTTAGCAAAT-1,1/MB
-0.25614484772086143,ACGGACTCTCAAAGCG-1,11/I
-1.3563059171040854,ACGGAGCGCAAATTAC-1,6/V_VIa_VIb
0.19773475329081214,ACGGATGGTGCGGATA-1,3/II_III_IV
-1.9857852458953857,ACGGCACTTGCTTGGG-1,6/V_VIa_VIb
1.531082352002462,ACGGCCAACATGGACT-1,10/PIR
3.3650254607200623,ACGGCGACGATGGGAA-1,6/V_VIa_VIb
-0.41747087736924493,ACGGGAGTGTCGGCCC-1,0/CTXsp
1.840885316332181,ACGGGCGTATGCGACA-1,3/II_III_IV
1.4661783898870149,ACGGGTCATGTGACTT-1,1/MB
2.4125499526659646,ACGTACAGATTTCTCT-1,1/MB
-0.6248519569635391,ACGTAGATTGCTGATG-1,4/TH
-0.9310981432596843,ACGTATTACTCCGATC-1,6/V_VIa_VIb
1.6660394271214802,ACGTCTCGTTCCGGGA-1,0/CTXsp
0.045880829294522585,ACGTGACAAAGTAAGT-1,0/CTXsp
0.996053839723269,ACGTGCGCCTCGTGCA-1,5/HYL
-3.3628478050231934,ACGTTAATGTCGAAGA-1,9/CA3
-0.45752016703287746,ACGTTAGATTTGCCCG-1,2/fxs
-1.1653780937194824,ACGTTATTGGTCACTC-1,1/MB
2.427371233701706,ACGTTCGCAATCAATT-1,3/II_III_IV
-0.18882895509401953,ACGTTCGTTCAGGAAA-1,0/CTXsp
2.959320863087972,ACGTTTAGTTGTGATC-1,1/MB
0.31427554289499926,ACTACCAGCTCTCTGG-1,4/TH
-0.29843807220458984,ACTACGCGTTAGAATT-1,3/II_III_IV
-0.21786145120859146,ACTATATGCTGTGTTC-1,8/RSP
1.6314432166982442,ACTATCCAGGGCATGG-1,3/II_III_IV
3.7044951915740967,ACTATCGCCGGCTAAA-1,1/MB
0.7871031761169434,ACTATTCGTCCGTGGT-1,2/fxs
0.7464342912038169,ACTATTTCCGGGCCCA-1,10/PIR
0.9741557339827218,ACTCAATAAAGGCACG-1,4/TH
1.297763630747795,ACTCAGACCTGCTTCT-1,1/MB
0.770282487074534,ACTCCAATATCATCAT-1,11/I
-0.5456346571445465,ACTCCCATTCCTAAAG-1,0/CTXsp
0.6037920713424683,ACTCCCGAATTCGTTT-1,6/V_VIa_VIb
0.9414364701757828,ACTCCCGTAGACTAGG-1,3/II_III_IV
0.1709229052066803,ACTCCCTAATGCTAAA-1,3/II_III_IV
0.10894040266672778,ACTCCCTAGAATAGTA-1,2/fxs
-1.4695252776145935,ACTCGATGTATTTCAT-1,1/MB
2.203798045714696,ACTCGTAACCCGTCCT-1,0/CTXsp
1.0951630870501199,ACTCGTCAGTAATCCC-1,7/CA1
-0.22087005376815794,ACTCTAAACCTGGGAT-1,0/CTXsp
1.8192008075614772,ACTCTCTGACTTAGGT-1,14/CA1-pyramidal layer of the hippocampus
-0.48749008774757385,ACTCTTGTATAGTAAC-1,9/CA3
1.8909325251976647,ACTGAATGGCGAAAGT-1,6/V_VIa_VIb
3.216048816839854,ACTGCCGTCGTAACTC-1,5/HYL
-1.3275187313556671,ACTGCTCGGAAGGATG-1,0/CTXsp
-2.970503807067871,ACTGTACGATACACAT-1,13/DG
2.4832071661949158,ACTGTAGCACTTTGGA-1,4/TH
-1.118807833020886,ACTGTATACGCGAGCA-1,1/MB
1.3572613596916199,ACTGTCCAGGATTATA-1,4/TH
0.045545101165771484,ACTGTCTTCTTTAGAA-1,4/TH
2.659556806087494,ACTGTGCTAGTAGATC-1,1/MB
1.8979868839184442,ACTTACCGGGCGCGCA-1,8/RSP
0.41324670116106665,ACTTACGCATCCACGC-1,3/II_III_IV
0.7992760141690574,ACTTAGTACGACAAGA-1,1/MB
-0.2416517585515976,ACTTATACTTACCCGG-1,14/CA1-pyramidal layer of the hippocampus
1.3974137467642624,ACTTATTAGGATCGGT-1,5/HYL
1.0406521757443745,ACTTATTTATGTGCCA-1,8/RSP
0.32021695375442505,ACTTCAGGCTGATCCC-1,6/V_VIa_VIb
-0.24823559820652008,ACTTCCAGTGGAAGCT-1,11/I
-1.3631316125392914,ACTTCGCCATACGCAC-1,7/CA1
-0.02181422710418701,ACTTGACTCCCTCTTT-1,9/CA3
0.29420687754948927,ACTTGGGACCCGGTGG-1,4/TH
-1.054477721452713,ACTTGTAGTCCCTTCA-1,0/CTXsp
3.3449047207832336,ACTTTACCCTCATGAA-1,6/V_VIa_VIb
0.16654495398203517,ACTTTCCTATAGCTTC-1,4/TH
-0.8949418365955353,ACTTTGACTGCATCCT-1,0/CTXsp
0.898310328523318,AGAACGTGGTACATTC-1,2/fxs
-6.286578416824341,AGAAGAGCGCCGTTCC-1,11/I
-0.4162953943014145,AGAAGGTACACTTCAC-1,0/CTXsp
-1.5671884814898174,AGAAGGTTGCCGAATT-1,2/fxs
2.4392374952634173,AGAAGTGATTCGTGAT-1,0/CTXsp
0.10568581024805701,AGAATAAATCTTCAGG-1,0/CTXsp
0.830021396279335,AGAATGCGGGTTCGGA-1,8/RSP
-1.2459851255019507,AGAATTATGGATTCGA-1,2/fxs
0.8281633406877518,AGAATTGTTTGACATA-1,1/MB
2.112643301486969,AGACAGCTCAGAATCC-1,1/MB
-0.30944833159446716,AGACCAAACCACACCT-1,0/CTXsp
-1.5189145505428314,AGACCATGGGATACAA-1,5/HYL
-1.3486295938491821,AGACCCACCGCTGATC-1,2/fxs
1.3781178711603084,AGACCCGCCCTCCTCG-1,4/TH
2.7051183382670083,AGACCGGGAAACCCTG-1,0/CTXsp
-0.8273994525273642,AGACGAAGTGCCGGTC-1,3/II_III_IV
2.383569280306498,AGACGACGATGCCGCT-1,10/PIR
-1.4161046147346497,AGACTAGCCTTCCAGA-1,4/TH
-1.0160192847251892,AGACTGTTACCGGGTC-1,3/II_III_IV
-2.0979065100351972,AGAGAACCGTCTAGGA-1,7/CA1
-1.0218580663204193,AGAGAAGGAGTACAAT-1,10/PIR
4.162924766540527,AGAGATCTCTAAAGCG-1,1/MB
1.2789733409881592,AGAGCAGTTATGAGAC-1,2/fxs
-1.3041681051254272,AGAGCGGGCTAATCAT-1,5/HYL
-0.7707630594571432,AGAGCGTACAAGCTCG-1,5/HYL
3.2132118344306946,AGAGCTACGAAAGCAT-1,1/MB
-1.4451605081558228,AGAGTATAGTGTTACG-1,3/II_III_IV
1.6319822147488594,AGATAACTTCAGGGCC-1,4/TH
-0.3607469995816548,AGATACCAGCACTTCA-1,8/RSP
0.03008260329564405,AGATACCGGTGTTCAC-1,2/fxs
0.9412968953450522,AGATACGACTTCATAT-1,12/Parafascicular nucleus
1.0168493489424386,AGATACTCAAGATCGA-1,6/V_VIa_VIb
-2.356707811355591,AGATCGTGCATAAGAT-1,7/CA1
-0.7536250948905945,AGATCTCAGGTGTGAT-1,13/DG
1.632235641901692,AGATGACTCGCCCACG-1,4/TH
-0.7951099077860515,AGATGAGGGTTGCGAT-1,6/V_VIa_VIb
0.35434161623319005,AGATGATGGAGTCTGG-1,8/RSP
-1.863946795463562,AGATGCAAGACGTGCA-1,0/CTXsp
0.8949278692404428,AGATGCATCCTGTGTC-1,0/CTXsp
1.4888613236447177,AGATGCTATAACGAGC-1,1/MB
2.248440131545067,AGATTATAGGACGTTT-1,5/HYL
0.4598803023497263,AGATTCACAACCGATA-1,0/CTXsp
2.518813888231913,AGCAAAGGCCGCTAGT-1,3/II_III_IV
0.8171446546912193,AGCAACATATCTTATT-1,6/V_VIa_VIb
-1.7432419260342917,AGCAACCGAAAGTAAT-1,0/CTXsp
-0.41203413779536885,AGCACCAGTACTCACG-1,4/TH
0.9190077669918537,AGCACTACCGGCCTGT-1,2/fxs
-2.1171834468841553,AGCACTACCTCACCAG-1,3/II_III_IV
0.19391512870788574,AGCACTTAAGGACGCC-1,5/HYL
-1.2336506247520447,AGCAGCCAGATGAATA-1,10/PIR
1.6711045602957406,AGCATATCAATATGCT-1,3/II_III_IV
2.1464199920495353,AGCATCATTTCGAAAG-1,10/PIR
1.2020368302861848,AGCATCGTCGATAATT-1,4/TH
-1.1102688759565353,AGCCAAGCTTTGTGTC-1,11/I
0.4414423704147339,AGCCACTCCCGTGCTT-1,13/DG
3.8267146150271096,AGCCCATACATGTAAG-1,15/VL
-0.662851095199585,AGCCCGGTAGCCTGTA-1,0/CTXsp
1.4781867166360219,AGCCCTAAGCGAAGTT-1,1/MB
0.8211420774459839,AGCCCTTCTAATCCGA-1,2/fxs
-1.6919260621070862,AGCCGCAAATTCAAAT-1,0/CTXsp
3.498283863067627,AGCCGCTTGATTAGCG-1,1/MB
-1.1129400432109833,AGCCGTGGCTAAATGT-1,0/CTXsp
2.381452908118566,AGCCTAATACCCACGT-1,0/CTXsp
3.849626898765564,AGCCTTAAAGCGGAAG-1,1/MB
-2.178200602531433,AGCGACAGGAACGGTC-1,0/CTXsp
0.06979809204737342,AGCGACATCCCATTCA-1,12/Parafascicular nucleus
-0.3736304541428884,AGCGACCAACGATATT-1,4/TH
0.20801061143477756,AGCGCATAATGAATCG-1,10/PIR
-3.1424151062965393,AGCGCGGGTGCCAATG-1,7/CA1
-2.3277801275253296,AGCGGACACTTCGTAG-1,3/II_III_IV
1.940661482512951,AGCGGCGGTTAGCGGT-1,0/CTXsp
1.449293240904808,AGCGGGAAGGGTCCAT-1,12/Parafascicular nucleus
-1.0419777631759644,AGCGGTTGCCGCTCTG-1,8/RSP
-1.1584841012954712,AGCGTGGTATTCTACT-1,9/CA3
-0.22434177994728088,AGCTAACAAGCAATGT-1,0/CTXsp
1.3865625460942588,AGCTAGAAGCAGAAGT-1,2/fxs
0.7107565402984619,AGCTCCTTCGCACATC-1,3/II_III_IV
1.0668167869249978,AGCTCGTTGATGGAAA-1,3/II_III_IV
-1.0119398385286331,AGCTCTAGACGTTCCA-1,7/CA1
2.4781633019447327,AGCTCTTCCCAGTGCA-1,14/CA1-pyramidal layer of the hippocampus
2.3401509895920753,AGCTCTTCGTAACCTT-1,3/II_III_IV
2.9547209292650223,AGCTCTTTACTCAGTT-1,2/fxs
1.0480461716651917,AGCTGAAGTAAACCAA-1,7/CA1
3.032911578814189,AGCTGTAACCTCAATC-1,10/PIR
4.477060794830322,AGCTTGATCTTAACTT-1,15/VL
2.2115541249513626,AGGAAGCTGTCCGCCG-1,3/II_III_IV
0.9826974471410117,AGGACAGTCGAATCCC-1,6/V_VIa_VIb
1.1008894691864648,AGGACATCGCACGTCG-1,12/Parafascicular nucleus
-1.3520222504933674,AGGACGACCCATTAGA-1,2/fxs
-3.9166935682296753,AGGACGCTCGATGTTG-1,2/fxs
3.251091738541921,AGGACTTATAGGAGAA-1,1/MB
1.027200778325399,AGGAGACATCCACAGT-1,3/II_III_IV
2.2412101477384567,AGGATAAAGTCGGGAT-1,6/V_VIa_VIb
2.0805808504422507,AGGATATAGGGATTTA-1,3/II_III_IV
-2.19656503200531,AGGATCACGCGATCTG-1,0/CTXsp
0.10521628459294652,AGGATTGCTTACGACA-1,3/II_III_IV
-1.8582913180192313,AGGCAGATGCGTAAAC-1,7/CA1
0.5476814657449722,AGGCAGGGAGCGTACT-1,10/PIR
3.0833388169606524,AGGCATTGTCGTAGGG-1,3/II_III_IV
-2.567661976441741,AGGCCACCCGTTATGA-1,5/HYL
2.959182355242471,AGGCCCAGTGACTGGT-1,1/MB
2.233105470736821,AGGCCCATTGTACAGG-1,12/Parafascicular nucleus
-0.8677603825926781,AGGCCCTAGAACGCCA-1,0/CTXsp
1.8932400842507677,AGGCGGTTTGTCCCGC-1,0/CTXsp
1.700150522092978,AGGCGTCTATGGACGG-1,6/V_VIa_VIb
1.3764816522598267,AGGCTATGGTTAGCTT-1,5/HYL
0.2899227999150753,AGGCTTCCCGAAGAAG-1,0/CTXsp
3.1767244835694632,AGGCTTGCTAGACACC-1,1/MB
-1.7531451185544333,AGGGAAACGAGGTACT-1,2/fxs
3.118194262186686,AGGGACCGGCTGCGTT-1,3/II_III_IV
1.570825790365537,AGGGACTCTACGCGAC-1,10/PIR
1.1029393896460533,AGGGAGACATACTTCG-1,3/II_III_IV
-0.591735228896141,AGGGCGAGCAGCTGAT-1,0/CTXsp
1.9139458636442819,AGGGCGTGATCGGCTA-1,12/Parafascicular nucleus
0.07832273344198859,AGGGCTGCAGTTACAG-1,4/TH
2.391888151566188,AGGGTCAGTAACCCTA-1,8/RSP
-1.0055662989616394,AGGGTCGATGCGAACT-1,6/V_VIa_VIb
-1.4154748618602753,AGGGTGCCGTTCTTTA-1,11/I
2.2903662392248707,AGGGTGCTCTCGAGGG-1,14/CA1-pyramidal layer of the hippocampus
2.642024715741475,AGGGTGGATAGTGCAT-1,2/fxs
-1.2148160375654697,AGGGTTCCCTTTGGTT-1,7/CA1
-0.33829358220100403,AGGGTTTAGTTCGGGA-1,4/TH
0.7070855498313904,AGGTAACCTCCTATTC-1,12/Parafascicular nucleus
4.989477491378784,AGGTACGATATTGCCA-1,15/VL
1.6796632508436837,AGGTAGATCGAGATAT-1,0/CTXsp
0.7538418074448903,AGGTAGGTACAAAGCT-1,2/fxs
2.129804164171219,AGGTATAATTGATAGT-1,3/II_III_IV
1.6194774806499481,AGGTCAGGTGAGAGTG-1,0/CTXsp
-0.12545367081960046,AGGTCGCGGAGTTACT-1,6/V_VIa_VIb
1.19414813319842,AGGTGGTGACCTTCGC-1,11/I
-1.4927498946587243,AGGTTGAGGCACGCTT-1,2/fxs
0.4759767254193623,AGGTTTCACACACCTT-1,9/CA3
-0.7285172045230865,AGTAATGTCTTGCCGC-1,12/Parafascicular nucleus
3.320119023323059,AGTACATCATTTATCA-1,8/RSP
2.547828495502472,AGTACCTTCGAGTGCT-1,8/RSP
1.6753824253877003,AGTACGGCCCGTATCG-1,0/CTXsp
-1.3888290077447891,AGTACGGGCACCTGGC-1,13/DG
-1.1869419813156128,AGTACTCTTATGCCCA-1,11/I
3.2085289160410566,AGTAGGAAGGAAGTTG-1,2/fxs
0.1326906681060791,AGTAGGTAACATACAT-1,2/fxs
0.5795420308907828,AGTATAATACTAGGCA-1,5/HYL
-3.1820943852265677,AGTATACACAGCGACA-1,11/I
-1.301449477672577,AGTATGCTGGAGACCA-1,0/CTXsp
-1.9266011714935303,AGTATTTGGCACGACC-1,10/PIR
2.869674503803253,AGTCAACACCACCATC-1,2/fxs
-1.1929319202899933,AGTCAAGATGACACTT-1,3/II_III_IV
2.5217333249747753,AGTCAGCCACCGCCTG-1,1/MB
-1.0433371663093567,AGTCCATTGGCTGATG-1,3/II_III_IV
-1.3672733008861542,AGTCCCGCCTTTAATT-1,2/fxs
2.1828421478470164,AGTCCCTCGCAGAAAG-1,3/II_III_IV
2.735062887271245,AGTCGACGGTCTCAAG-1,7/CA1
0.04010407626628876,AGTCGGCCCAAACGAC-1,4/TH
2.4662456015745797,AGTCGGCTCAACTTTA-1,0/CTXsp
0.2948911587397256,AGTCGGTTGCGTGAGA-1,3/II_III_IV
1.9487801591555276,AGTCGTGGGCATTACG-1,0/CTXsp
1.5281675606966019,AGTCTAAAGTATACTC-1,8/RSP
0.553836146990458,AGTCTCACAAGACTAC-1,10/PIR
2.885138049721718,AGTCTGGACATCCTTG-1,5/HYL
-1.0029820203781128,AGTCTTCTCCTCAAAT-1,4/TH
-0.9353197365999222,AGTGAACAAACTTCTC-1,3/II_III_IV
3.6938414573669434,AGTGAAGATGGTGTCC-1,3/II_III_IV
0.004467209180196052,AGTGACCTACTTTACG-1,9/CA3
-1.901533666998148,AGTGAGACTTCCAGTA-1,7/CA1
2.039009888966878,AGTGAGCCTCGCCGCC-1,6/V_VIa_VIb
3.5651842256387076,AGTGATATGAGTAGTT-1,9/CA3
0.3129260142644248,AGTGATTCAAGCAGGA-1,7/CA1
2.539769262075424,AGTGCACGCTTAAGAA-1,3/II_III_IV
-2.780963584780693,AGTGCGTAGCTCGTAA-1,2/fxs
0.472595343987147,AGTGCTTGCACGAATA-1,2/fxs
0.854879197354118,AGTGGCGGCAATTTGA-1,7/CA1
0.6999692122141519,AGTGGCTCCGTCGGCC-1,0/CTXsp
1.9578787485758462,AGTGGTGTTACCCGTG-1,0/CTXsp
0.8844607671101887,AGTGGTTGCGTATAGG-1,16/COA
1.5636319617430368,AGTGTATTGCGCATTG-1,2/fxs
-1.0642849206924438,AGTGTGCTAAGATCGC-1,1/MB
-0.0913546234369278,AGTGTGGTCTATTGTG-1,5/HYL
3.1317009528477984,AGTTAAACACTTGCGA-1,5/HYL
0.443778564532598,AGTTAAGCGGTCCCGG-1,7/CA1
-1.1883181929588318,AGTTAAGTCAACCGCT-1,0/CTXsp
2.38801830013593,AGTTACCCTTAAGACT-1,1/MB
-1.6929437220096588,AGTTACCGCACATGGT-1,5/HYL
-1.8147343695163727,AGTTACTCTATCGTGG-1,2/fxs
-1.3109615575522184,AGTTCACCGGTTGGAC-1,1/MB
0.7136723722020785,AGTTCCTACAGAATTA-1,4/TH
0.4523492831115921,AGTTCCTATTTATGTT-1,9/CA3
2.5720279316107435,AGTTCTGCGTTGTATC-1,1/MB
3.63543164730072,AGTTGACATCGGCTGG-1,1/MB
1.0874587694803872,AGTTGCTGACTGATAT-1,1/MB
2.910988767941793,AGTTTATGTAAAGACA-1,3/II_III_IV
2.896748532851537,AGTTTCGCAGGTCGGA-1,1/MB
0.27164582411448157,AGTTTGCACCTGCCTC-1,3/II_III_IV
0.8975050508975984,AGTTTGGCACGGGTTG-1,3/II_III_IV
1.625296726822853,AGTTTGGCCAGACCTA-1,0/CTXsp
0.41328250865141547,ATAAACGGACCCGTAA-1,9/CA3
-1.8197630643844604,ATAAAGGCTCGGTCGT-1,2/fxs
0.7373385429382324,ATAAATATTAGCAGCT-1,2/fxs
-2.679704050223033,ATAACGCCGGAGGGTC-1,7/CA1
-1.104437056928873,ATAACGGAGTCCAACG-1,7/CA1
2.2047171592712402,ATAACGTTACCTCCAC-1,8/RSP
1.4267879128456116,ATAAGGTGGAGAACAT-1,6/V_VIa_VIb
0.446875661611557,ATAAGTACCCGATTGT-1,8/RSP
2.3288756012916565,ATAAGTAGGATTCAGA-1,6/V_VIa_VIb
0.969490865866343,ATAAGTAGGGCGACTC-1,3/II_III_IV
3.193230430285136,ATAAGTTACCGCGACG-1,9/CA3
0.08456567923227931,ATAATACCGTTAGCCG-1,5/HYL
-0.2954870741814375,ATAATAGCTGTTGAAT-1,9/CA3
1.8261405999461808,ATAATAGTGTAGGGAC-1,5/HYL
-1.748612217605114,ATAATTAGCTAAGTAG-1,11/I
0.25736379623413086,ATACAGGCCCTCCAAT-1,3/II_III_IV
-0.07122976457079255,ATACCACGGGCAACTT-1,2/fxs
2.885159194469452,ATACCAGGCTAATAGA-1,1/MB
0.8117661078770955,ATACCGTCATCCATAA-1,8/RSP
1.4923005104064941,ATACCTAACCAAGAAA-1,3/II_III_IV
-0.6181309819221497,ATACGCCGGCGAAACC-1,7/CA1
-0.39687428871790575,ATACGGAACGTCGTTT-1,0/CTXsp
0.18590386708577467,ATACGGGTTTCGATTG-1,13/DG
0.49706407388051344,ATACGGTGAAGATGCA-1,0/CTXsp
0.7460426539182663,ATACGTACTTAGCCAC-1,3/II_III_IV
2.428780237833659,ATACGTCCACTCCTGT-1,3/II_III_IV
0.873086373011271,ATACGTTATGCACGGA-1,3/II_III_IV
2.8383856117725372,ATACTAGCATGACCCT-1,4/TH
-1.4256547912955284,ATACTCTCGCCACTCT-1,1/MB
3.986659526824951,ATACTGCCTTACACCG-1,11/I
0.7475458979606628,ATACTTGTTCTCGAGC-1,0/CTXsp
-3.390927791595459,ATAGACAACGGGACCT-1,7/CA1
-1.0517982691526413,ATAGACGAAGAGAAAG-1,4/TH
-0.35063509146372485,ATAGAGTACTGGGACA-1,4/TH
-3.8264999389648438,ATAGAGTTATCAACTT-1,7/CA1
1.6706004093090692,ATAGCCTCAGTACCCA-1,1/MB
4.503164331118265,ATAGCTGCTCTTGTTA-1,5/HYL
3.706060028076172,ATAGGCGGCTATAGAA-1,15/VL
1.7149088283379872,ATAGGCTAGCTTCGCA-1,14/CA1-pyramidal layer of the hippocampus
0.07137860854466749,ATAGGGATATCCTTGA-1,5/HYL
0.6057064731915791,ATAGGTTGGGCAGATG-1,4/TH
0.6665773590405781,ATAGTGAAGCGTTCTC-1,9/CA3
-1.671049142877261,ATAGTTCCACCCACTC-1,8/RSP
2.1095996399720507,ATATAAAGCGCTCGTG-1,3/II_III_IV
0.7681304017702738,ATATAAATGTAGCTGC-1,8/RSP
1.930852472782135,ATATACATGTATGGTA-1,0/CTXsp
2.3463938236236572,ATATCAACCTACAGAG-1,8/RSP
1.4305732250213623,ATATCAATTCCAGCCT-1,0/CTXsp
1.1899091651042304,ATATCGGTAGGGAGAT-1,3/II_III_IV
0.6265926162401834,ATATCTCCCTCGTTAA-1,14/CA1-pyramidal layer of the hippocampus
-0.5379896908998489,ATATCTTAGGGCCTTC-1,4/TH
1.0586881637573242,ATATGTCTCCCTAGCC-1,6/V_VIa_VIb
1.6935630639394124,ATATGTGCACAAACCA-1,8/RSP
0.37325655172268546,ATATTATCCCGTATTT-1,1/MB
0.18352534373601276,ATATTCCACATAGTGA-1,6/V_VIa_VIb
3.4765657782554626,ATATTCCCACAGGTCA-1,1/MB
1.606300396223863,ATATTGCTGTCAAAGT-1,4/TH
-1.4118164777755737,ATATTTAACCCTCAAG-1,4/TH
-0.8165867924690247,ATCAAACGAAGGTTTG-1,0/CTXsp
0.8226956613361835,ATCAATCTGGGCTGCA-1,4/TH
0.5904376387596131,ATCAATGCCGTGGCTG-1,11/I
0.033795247475306045,ATCACATTAGAATATC-1,7/CA1
2.8043184677759805,ATCACTTCATCCTCGC-1,5/HYL
4.403015375137329,ATCAGACGGCACGCCG-1,2/fxs
2.202627668778102,ATCAGCTCGTCCACTA-1,0/CTXsp
-1.500728964805603,ATCAGTAGGCAGGGAT-1,7/CA1
1.915112535158793,ATCATCCAATATTTGT-1,2/fxs
-0.41909645001093554,ATCCAACGCAGTCATA-1,4/TH
1.5794951071341832,ATCCAATGGTACCGAA-1,16/COA
-2.071476697921753,ATCCACATCGACAGAA-1,11/I
2.846765061219533,ATCCAGAGCAACAACC-1,2/fxs
3.259404276808103,ATCCAGGATTCGTGAA-1,5/HYL
2.629569351673126,ATCCTACCTAAGCTCT-1,9/CA3
4.285577615102133,ATCCTGAATCGCTGCG-1,15/VL
1.7756602863470712,ATCCTGCGTGGAATGG-1,9/CA3
-0.9096567779779434,ATCGACCCAATACAGA-1,9/CA3
-0.4115539714694023,ATCGACTCTTTCCGTT-1,4/TH
0.4369856814543406,ATCGCACGCCGGGAGA-1,4/TH
1.369292438030243,ATCGCCAGTCAACATT-1,3/II_III_IV
2.8457773526509604,ATCGCTGCGTGCAGCA-1,8/RSP
1.3535015260179837,ATCGGAGACAGACGGC-1,8/RSP
1.0859516064325967,ATCGGCAAGCAGTCCA-1,7/CA1
0.19636224210262299,ATCGGTTACCTAGTAA-1,16/COA
1.3151544034481049,ATCGTATTCCGAGAAC-1,16/COA
2.5122025509675345,ATCGTCCAATCGAGTC-1,1/MB
3.8310025930404663,ATCGTGGAAAGTCTGG-1,11/I
-1.4990664422512054,ATCGTTCACTTTCGCC-1,2/fxs
2.0617212943732737,ATCTAACGTCCCTATG-1,1/MB
-0.3884348372618358,ATCTAATATCCTACGG-1,6/V_VIa_VIb
-1.2916736602783203,ATCTCCCTGCAATCTA-1,5/HYL
-0.5446140142157674,ATCTGACATGGAAGGA-1,0/CTXsp
-1.089225322008133,ATCTGATAGTGTCTTA-1,1/MB
0.6126138518253962,ATCTGCACCTCTGCGA-1,2/fxs
2.112407694260279,ATCTGGGCTGTTCTTG-1,3/II_III_IV
1.4275793383518853,ATCTGGTTAAGACTGT-1,7/CA1
-1.4527782835066319,ATCTGTAATTGTACCC-1,12/Parafascicular nucleus
-2.978605270385742,ATCTTGACCTGCAACG-1,4/TH
-4.523534178733826,ATCTTGACTTGTCCAA-1,6/V_VIa_VIb
2.6238316098848977,ATCTTTCGTATAACCA-1,3/II_III_IV
1.0180890311797461,ATGAAGCCAAGGAGCC-1,4/TH
0.31006207068761205,ATGAAGTGGACCCAGC-1,16/COA
1.4066380858421326,ATGACGCCGGCTCTAA-1,12/Parafascicular nucleus
-2.2077525854110718,ATGACGCGTTCTATCC-1,0/CTXsp
-1.5923630595207214,ATGACTATGCGACATT-1,6/V_VIa_VIb
1.1808779686689377,ATGAGGAGTGTTAATC-1,4/TH
0.37039394179979956,ATGATCGGGAATAGAC-1,12/Parafascicular nucleus
4.07569702466329,ATGATGCAATGGTACA-1,9/CA3
2.052602633833885,ATGCACCTTCCTTAAT-1,1/MB
-1.4113357464472451,ATGCACGCGCTGTTCA-1,11/I
1.2685174643993378,ATGCACTACCGCATTG-1,4/TH
0.9500657288978497,ATGCATGATCCAGGAT-1,4/TH
0.3301452100276947,ATGCCAATCGCTCTGC-1,8/RSP
0.6375195582707722,ATGCCATTTGCGACCA-1,6/V_VIa_VIb
1.3729319324096043,ATGCCGGTCTTGCATA-1,9/CA3
0.6921845078468323,ATGCCGGTTGATGGGA-1,7/CA1
-1.0983559489250183,ATGCGACAATTGGTCC-1,8/RSP
0.7221244884033997,ATGCGACAGTCCCATT-1,9/CA3
3.081736207008362,ATGCGAGTCCCACCAC-1,11/I
2.1203044056892395,ATGCTCAGTGTTGCAT-1,5/HYL
-1.9577309489250183,ATGCTCTGGCGCGGTA-1,3/II_III_IV
2.026534378528595,ATGGAAATTTAAGGAG-1,0/CTXsp
2.499489744504293,ATGGAGCAGGCCGTGA-1,2/fxs
1.833692618412897,ATGGATCCGGCGTCCG-1,13/DG
2.9904218713442483,ATGGATTGACCAAACG-1,4/TH
0.5198988914489746,ATGGCAGCCGAGAAAC-1,0/CTXsp
1.2962663173675537,ATGGCTGGAAATGGCC-1,8/RSP
-0.6770918965339661,ATGGGACCTGCTGAAC-1,0/CTXsp
-0.6725054933534315,ATGGGCCTCGGCCTCT-1,6/V_VIa_VIb
1.1635712385177612,ATGGTCGCGTGGTTTC-1,6/V_VIa_VIb
3.0893418192863464,ATGTAAGGCTGCTCTT-1,3/II_III_IV
3.2231463938951492,ATGTCATTTCCCATTG-1,1/MB
0.6180620590845742,ATGTGAAAGCCTAATG-1,0/CTXsp
1.0774137377738953,ATGTGCATCCGACGCA-1,4/TH
-2.547992467880249,ATGTGGACATCTTGAT-1,2/fxs
3.137273281812668,ATGTTACGAGCAATAC-1,1/MB
3.5007353623708086,ATGTTCCTGCCCACCT-1,1/MB
1.381228047423065,ATGTTCGTCGACCCAC-1,0/CTXsp
-2.732696056365967,ATGTTGTAGTCTGTTT-1,11/I
-1.233992487192154,ATTAAACATGCGGACC-1,9/CA3
2.2890510052442554,ATTAACACCTGAGATA-1,1/MB
-0.7801650762557983,ATTAATACTACGCGGG-1,4/TH
0.8878856181011845,ATTAATGAACCAGTCG-1,13/DG
1.1080216765403748,ATTAATTCGGTCACTC-1,1/MB
2.577560785412788,ATTACAACTACCGGCC-1,2/fxs
-2.200255036354065,ATTACGACTCCACAGT-1,3/II_III_IV
0.7866134842236838,ATTACGCGCTGGCAGG-1,15/VL
0.012347757816314697,ATTACTAGCCTCTTGC-1,12/Parafascicular nucleus
2.5809653600056963,ATTACTTACTGGGCAT-1,7/CA1
1.5119029805064201,ATTAGATTCCTCAGCA-1,6/V_VIa_VIb
0.7737223381797472,ATTAGATTGATAGCGG-1,12/Parafascicular nucleus
1.7788024246692657,ATTAGGCGATGCTTTC-1,9/CA3
2.8681307435035706,ATTATACTTTGCTCGT-1,7/CA1
-0.8052202612161636,ATTATAGCTACTTTAC-1,3/II_III_IV
1.0820982257525125,ATTATGCCATAGGGAG-1,4/TH
1.2728622630238533,ATTATTATGTCCGTCA-1,10/PIR
3.158344753086567,ATTCAAAGTACCTGTT-1,1/MB
0.5357350458701451,ATTCACTGATGTTGGA-1,6/V_VIa_VIb
2.31598029534022,ATTCAGGACCTATTTC-1,2/fxs
-1.0703251976519823,ATTCAGTAGCAGGGTC-1,5/HYL
-2.1659218668937683,ATTCATATACTGTCCA-1,9/CA3
-2.749366968870163,ATTCCCACATAAACAA-1,5/HYL
2.501791089773178,ATTCCTAAGACGTGGA-1,8/RSP
-1.29884934425354,ATTCCTCCGCCAGTGC-1,4/TH
0.87543515364329,ATTCCTTCCAGGCGGT-1,1/MB
3.985299626986186,ATTCGACGCCGGGCCT-1,2/fxs
-0.4280360837777457,ATTCGCAGAGGACACT-1,3/II_III_IV
2.8454297184944153,ATTCGTGCTATCTCTT-1,3/II_III_IV
1.4022003213564553,ATTCTCGTCTCTTTAG-1,1/MB
2.0053726049760976,ATTCTTCGTACTTATG-1,2/fxs
-1.8421149253845215,ATTGAAGATCTTAGTG-1,4/TH
1.734758384525776,ATTGACCGGCGATGAC-1,8/RSP
1.970241203904152,ATTGATAGCAACGAGA-1,1/MB
-0.95988084624211,ATTGATCACCACATTT-1,0/CTXsp
-0.37277035415172577,ATTGATGAGTCCTAAC-1,6/V_VIa_VIb
-2.6782807409763336,ATTGCGATCAGTAACT-1,11/I
0.4840679168701172,ATTGCTGCTCCTCCAT-1,5/HYL
1.1427209228277206,ATTGGGAATATCTTGG-1,12/Parafascicular nucleus
0.28958098093668627,ATTGGTAGGATCCGCT-1,2/fxs
1.8697100604573884,ATTGTACAACTCGGCT-1,8/RSP
0.1333129008611043,ATTGTCGCAATACCTT-1,7/CA1
-1.7450911104679108,ATTGTGACTTCGCTGC-1,8/RSP
2.3621146281560264,ATTTAACTCGTATTAC-1,12/Parafascicular nucleus
-2.8016401529312134,ATTTACAGTTTACTGG-1,5/HYL
2.367611919840177,ATTTACTAAGTCCATT-1,3/II_III_IV
1.367063413063685,ATTTCATTATTTCGCG-1,2/fxs
-0.07222466201831901,ATTTCCGGGTTCTGCG-1,10/PIR
0.015168925126393562,ATTTGCGCGAGTAGCT-1,10/PIR
-2.308103322982788,ATTTGTCTTGGGAGCT-1,7/CA1
-0.25502045949300145,ATTTGTTCCAGGGCTC-1,5/HYL
-0.7033067345619202,CAAACCAGGTCTGCAT-1,16/COA
1.4582127754886944,CAAACGAGTATCGCAG-1,9/CA3
0.7574850072463353,CAAACGGTCGCACTTT-1,4/TH
1.6113572095831235,CAAACTACGATAGAGA-1,8/RSP
4.714743077754974,CAAACTATTGAGCTTC-1,15/VL
1.719510593762,CAAAGATTATTGGGCC-1,0/CTXsp
2.8934359153111773,CAAAGTCAGGTTAGCT-1,1/MB
-0.287272272631526,CAAATCTCTCACAAGG-1,0/CTXsp
-0.07437337934970856,CAAATGTCCTTCCGTG-1,9/CA3
-2.6566036455333233,CAAATTGGATTATGCC-1,8/RSP
1.9704530835151672,CAAATTGTCAGCAAGC-1,1/MB
-0.9767431691288948,CAACACATCTCCTGCC-1,3/II_III_IV
1.183593531449636,CAACCGCACCTAGACA-1,1/MB
3.461269974708557,CAACCTGAACCTGCCA-1,3/II_III_IV
1.4502346416314442,CAACGACCCGTTTACA-1,4/TH
1.8699758723378181,CAACGGTTCTTGATAC-1,12/Parafascicular nucleus
0.6044355829556782,CAACTATATCGAATGC-1,7/CA1
2.153379797935486,CAACTCCGTAACTTGC-1,8/RSP
0.9410589387019475,CAACTCCTTGATCCCG-1,12/Parafascicular nucleus
0.30540391653776167,CAACTGAGGGTATGAC-1,8/RSP
0.15473357836405444,CAACTGCTCATCCGAT-1,10/PIR
3.674222767353058,CAACTTGTAGTGGGCA-1,1/MB
-1.066671073436737,CAAGAGGGCGGAGTAC-1,2/fxs
1.4027886390686035,CAAGATATTATAACGT-1,6/V_VIa_VIb
-1.5343762338161469,CAAGCAACGTCGGAGT-1,5/HYL
0.9634754924724499,CAAGCACCAAATGCCT-1,5/HYL
1.9886760314305623,CAAGCGGCACATAATT-1,6/V_VIa_VIb
0.5659754549463589,CAAGGATCGCATGTTC-1,9/CA3
3.383987218141556,CAAGGTCCTATAGGCT-1,3/II_III_IV
2.4099286993344626,CAAGTGTGGTTGCAAA-1,6/V_VIa_VIb
2.6102897127469378,CAATAAACCTTGGCCC-1,2/fxs
-0.9787672758102417,CAATACGCTCTGAGGC-1,0/CTXsp
-2.6417290940880775,CAATATTCTTGACCTA-1,10/PIR
0.7269025444984436,CAATATTGGACTAGTG-1,1/MB
-2.878273606300354,CAATCCCTATACCAGC-1,2/fxs
0.45626390973726905,CAATCCTGCCGTGGAG-1,1/MB
0.8073500543832779,CAATGAGGTTCGACTA-1,3/II_III_IV
1.3249275585015614,CAATGCGAGAAGTATC-1,3/II_III_IV
3.160628020763397,CAATGGAATCTACATA-1,8/RSP
-0.9665810465812683,CAATGGATCTCTACCA-1,7/CA1
1.9133875966072083,CAATGTGCCAACCCTT-1,3/II_III_IV
0.8492107527951399,CAATTAAGGGTGATGA-1,4/TH
-2.8667886555194855,CAATTGGGCCGCACTC-1,11/I
-2.208615948756536,CAATTTCGTATAAGGG-1,4/TH
3.1232685893774033,CACAAGAAAGATATTA-1,8/RSP
-0.9874537587165833,CACAATGAGCTGCTAT-1,2/fxs
-0.9265456348657608,CACACAGGGATAGATT-1,5/HYL
2.896684447924296,CACACGCGCTGTCTTA-1,7/CA1
3.498212774594625,CACACTTGTATTGCGA-1,8/RSP
0.20424699783325195,CACAGCACCCACGGCA-1,4/TH
2.582666754722595,CACAGCTAGGGAGTGA-1,4/TH
-0.09331299861272191,CACAGGGCCGTTGTCA-1,3/II_III_IV
1.7969693938891094,CACATATTAGCAGGAT-1,2/fxs
-0.43001754581928253,CACATCGTGCACGCGC-1,10/PIR
0.9410789807637532,CACATCTCACCGACGA-1,3/II_III_IV
0.5632593433062234,CACATGATTCAGCAAC-1,9/CA3
3.5794566571712494,CACATGTTTGGACATG-1,1/MB
-1.4821740090847015,CACATTCTTTCGATGG-1,7/CA1
0.9957141503691673,CACATTTCTTGTCAGA-1,3/II_III_IV
0.5559499760468802,CACCAATCATCCGTCT-1,0/CTXsp
1.3868630627791085,CACCACGCCACACAGA-1,0/CTXsp
-1.4542288184165955,CACCAGTCAGCATGCA-1,0/CTXsp
5.243839701016745,CACCATCGGAGGAGAC-1,1/MB
0.6426360656817754,CACCATGATCGCAAAG-1,8/RSP
-0.3286796361207962,CACCCAAATCTTATGT-1,8/RSP
-0.9368754997849464,CACCCACACGTCACCC-1,12/Parafascicular nucleus
-3.323179841041565,CACCCACGAGGCAATT-1,7/CA1
-2.7443923205137253,CACCCGGTTTGTGACT-1,10/PIR
-0.3741577938199043,CACCCTAACAAGATCT-1,3/II_III_IV
-1.6706738471984863,CACCCTTGGTGAGACC-1,0/CTXsp
4.032191753387451,CACCGATACACCGAGC-1,2/fxs
-1.06318037211895,CACCGCCAGAAGGTTT-1,4/TH
1.2059069325526557,CACCGCGTCCACTCTA-1,6/V_VIa_VIb
0.5342939694722493,CACCGTTAGGGATCAC-1,0/CTXsp
3.695803642272949,CACCGTTGCGCGATAT-1,0/CTXsp
3.0426105658213296,CACCTAATAGAGTCGT-1,5/HYL
2.8201699654261274,CACCTAATCAGTTTAC-1,5/HYL
1.9710691024859748,CACCTCGATGGTGGAC-1,5/HYL
-0.7830162048339844,CACCTTGCGAAACTCG-1,13/DG
0.26941521962483717,CACCTTGGCGCCTTTG-1,3/II_III_IV
0.22434536864360177,CACGAAAGTTAGTCCC-1,2/fxs
0.5742288827896118,CACGCACAGCGCAGCT-1,4/TH
0.05556724468866969,CACGCAGCGAGGCTTT-1,4/TH
0.10548863435784975,CACGCGGAACTGTTGC-1,6/V_VIa_VIb
0.4234364628791809,CACGGACGTGGATGGC-1,3/II_III_IV
2.5364559690157575,CACGGCGCGCCAAAGG-1,8/RSP
1.3973371783892312,CACGGGATTGAGGGTT-1,0/CTXsp
2.8227571845054626,CACGTCGGCAACCTCT-1,0/CTXsp
2.8060070127248764,CACGTCGGGTTCTAGA-1,1/MB
1.5755298833052316,CACGTTCGTGCTCTAG-1,7/CA1
1.4394253293673196,CACGTTTCGTACACAC-1,11/I
1.5128110746542611,CACTAAAGTTGCCTAT-1,5/HYL
3.984357396761576,CACTCAAGAGCTATGG-1,2/fxs
0.8636240437626839,CACTCCTATGTAAGAT-1,10/PIR
-4.803302764892578,CACTCCTCTCGGTCGG-1,7/CA1
-0.7613743543624878,CACTCGAGCTGAACAA-1,6/V_VIa_VIb
-1.9721500873565674,CACTCGGTTAGGAGGA-1,0/CTXsp
-3.738585948944092,CACTGACGATTGTGGA-1,11/I
0.5416555404663086,CACTGTCCAAGTGAGA-1,12/Parafascicular nucleus
2.1539983352025347,CACTTAATCAGACGGA-1,2/fxs
-3.873018980026245,CACTTCGCCACAGGCT-1,5/HYL
1.3892831156651178,CACTTCGTCTTATCTC-1,1/MB
0.5327407494187355,CAGAACTTAGCCCTCT-1,3/II_III_IV
2.5319937467575073,CAGACACCGATCGCTG-1,6/V_VIa_VIb
-1.6927049160003662,CAGACCTGTAAGTGTT-1,2/fxs
0.4239737639824549,CAGACGAACCTGATAC-1,2/fxs
1.0242489234854777,CAGAGACGGTCACCCA-1,2/fxs
1.5214613725741704,CAGAGCATGAGCTTGC-1,4/TH
-1.2606838047504425,CAGAGGCGATGCATGA-1,10/PIR
0.5516779584189255,CAGATACTAACATAGT-1,4/TH
0.6697670221328735,CAGATCATTTAAAGTC-1,6/V_VIa_VIb
-3.0791870206594467,CAGATCCTGGTTTGAA-1,0/CTXsp
-0.8889403343200684,CAGATGTTTGTCCCAA-1,0/CTXsp
-1.127240816752116,CAGCAGCCCGTTCCTT-1,13/DG
-2.2809371892362833,CAGCAGTCCAGACTAT-1,11/I
1.9110887845357258,CAGCAGTCTGTGCTGC-1,11/I
-0.33140714280307293,CAGCCGGGCCCTCTAT-1,7/CA1
-1.4174452722072601,CAGCCTCCTGCAGAGG-1,7/CA1
-0.1402343511581421,CAGCCTCTCCTCAAGA-1,2/fxs
-0.7787802616755168,CAGCGATTCCCTTCAA-1,10/PIR
0.0002633631229400635,CAGCGCCAACACGATA-1,16/COA
-0.7438772618770599,CAGCTCACTGAGACAT-1,4/TH
-4.40364408493042,CAGCTCGACAAGTTAA-1,7/CA1
2.199119242529074,CAGCTCGTGCTTGTGT-1,12/Parafascicular nucleus
-1.3079564670721688,CAGCTGGCGTAACCGT-1,0/CTXsp
3.3428864578406015,CAGCTTAGTAGGTAGC-1,5/HYL
0.6863993903001151,CAGGAAGACTTTATAT-1,8/RSP
1.1351103211442628,CAGGATATATCGTTGT-1,9/CA3
0.33186217149098707,CAGGCCGTTTGGGTGT-1,5/HYL
2.541333317756653,CAGGCGCACGGTGGTC-1,0/CTXsp
-1.4321322441101074,CAGGCGCCATGCTAGG-1,6/V_VIa_VIb
-1.7700137495994568,CAGGTTTAGTACTACA-1,8/RSP
-1.215307315190633,CAGTAACTATTTATTG-1,2/fxs
1.826079577207565,CAGTAATCCCTCCCAG-1,5/HYL
-0.9269736409187317,CAGTACATTCTCTAAA-1,2/fxs
0.9859634240468342,CAGTACCAGTTTACGT-1,0/CTXsp
2.4931126445531846,CAGTAGATGATGTCCG-1,1/MB
1.5415719151496887,CAGTAGCCCACGCGGT-1,7/CA1
-1.3278175592422485,CAGTCCAACGCCTTCT-1,8/RSP
1.4861750255028405,CAGTCGAGGATGCAAT-1,14/CA1-pyramidal layer of the hippocampus
1.527455319960912,CAGTCGGCCTAGATAT-1,0/CTXsp
2.502990499138832,CAGTCTGTATACTGGG-1,9/CA3
-0.2960888370871544,CAGTGAATAAATGACT-1,13/DG
-1.2370587984720864,CAGTGGTTGCACATGA-1,1/MB
0.5873106966416041,CAGTGTCCGCAGAATG-1,12/Parafascicular nucleus
2.0420559520522756,CAGTGTCGGCTGGCCC-1,3/II_III_IV
0.5160046219825745,CAGTTCAAATTGACAC-1,4/TH
-1.178023099899292,CAGTTCCGCGGGTCGA-1,5/HYL
-0.5073705017566681,CATAACGGACAGTCGT-1,1/MB
-0.12154912948608398,CATAAGAAGCTTGGCT-1,3/II_III_IV
-3.415675938129425,CATAAGCTCTCCGTCT-1,0/CTXsp
1.8690726794302464,CATACAAAGCCGAACC-1,12/Parafascicular nucleus
-3.738585948944092,CATACACAAAGTCAGC-1,11/I
0.22314580281575513,CATACACGGTTCCCAC-1,3/II_III_IV
-3.0485912561416626,CATACCCGTACCCAGT-1,2/fxs
2.028951247533162,CATACGGCGTCTGGGC-1,9/CA3
0.9431138982375462,CATACTATGTAATTGT-1,5/HYL
-0.5852708518505096,CATACTTAGGCAATAC-1,3/II_III_IV
3.5915072361628213,CATAGCCGCCCGGGAT-1,5/HYL
-0.9538834989070892,CATAGCGTTGCCCACC-1,10/PIR
1.812854359547297,CATAGTACATTGAGAG-1,2/fxs
-0.6570905074477196,CATAGTAGCATAGTAG-1,12/Parafascicular nucleus
-3.0617244243621826,CATATACTACTGATAA-1,2/fxs
0.5514323512713115,CATATAGGTACAGTCA-1,9/CA3
2.9407541354497275,CATATGTCAGGCTACG-1,0/CTXsp
1.8860357403755188,CATATTATTTGCCCTA-1,15/VL
1.7817584474881492,CATCAAACTGGCGCCC-1,8/RSP
4.1023397843043,CATCAACACCTACTAA-1,1/MB
0.8930515646934509,CATCATTACCCTGAGG-1,3/II_III_IV
1.4745805958906808,CATCCGCAGGCCCGAA-1,5/HYL
1.1710472702980042,CATCCTCTCAAAGATC-1,11/I
1.1676489114761353,CATCGCCCGCGGCCAA-1,12/Parafascicular nucleus
-1.158518061041832,CATCGGACGGGTTAAT-1,9/CA3
0.4464348256587982,CATCGTCCGGTTACTA-1,1/MB
1.770689328511556,CATCTATCCCGTGTCT-1,2/fxs
-1.0953949689865112,CATCTGCAGGATCATT-1,2/fxs
1.5990527470906577,CATCTTACACCACCTC-1,6/V_VIa_VIb
3.3383869727452593,CATGAACCGACATTTG-1,12/Parafascicular nucleus
3.847684641679128,CATGACTTCGCTGAAT-1,3/II_III_IV
-0.35678641796112065,CATGAGATGCACTCTC-1,11/I
1.1335213581720986,CATGATGCACAATTCT-1,5/HYL
-0.36214784532785416,CATGATGGAAGTTAGC-1,3/II_III_IV
0.671782273054123,CATGCCAACTCGCAAA-1,0/CTXsp
2.3189582029978433,CATGCGACCAGTTTAA-1,14/CA1-pyramidal layer of the hippocampus
2.555577466885249,CATGCGTTAGACAGAA-1,1/MB
3.4420024156570435,CATGCTGGCTCCAATT-1,1/MB
0.8047473480304084,CATGGCAGGAAGATCG-1,12/Parafascicular nucleus
1.7703712403774263,CATGGCTCCCTATGTC-1,1/MB
-0.08935401837031054,CATGGGTATGCCTTAT-1,3/II_III_IV
-4.629413843154907,CATGGGTCGGGTGTGG-1,7/CA1
-4.802930951118469,CATGGTAAGTAGCGTT-1,9/CA3
-3.1959519386291504,CATGGTCTAGATACCG-1,4/TH
0.6330324163039525,CATGTAAGAGACATTT-1,3/II_III_IV
-1.0779755115509033,CATGTAGGAGCGCCAA-1,8/RSP
-2.089449405670166,CATGTCTCATTTATGG-1,8/RSP
1.765661006172498,CATTACATAGATTGTG-1,3/II_III_IV
0.5294238328933716,CATTACGTCGGCCCGT-1,5/HYL
0.7936404856542746,CATTATGCTTGTTGTG-1,4/TH
2.932503004868825,CATTCCCATTCCGTCG-1,3/II_III_IV
2.844644546508789,CATTCCCTAAGTACAA-1,1/MB
2.466315428415934,CATTGATGAACACGCC-1,3/II_III_IV
1.5458776851495106,CATTGCGAAATGGGCG-1,0/CTXsp
0.9894986947377524,CATTGCGGGTCAATTC-1,3/II_III_IV
2.4067380527655287,CATTGTGTGCTAGATC-1,1/MB
-3.403589129447937,CATTTAGCGGACCATG-1,13/DG
2.3998765746752424,CATTTCTAGCAGACTA-1,1/MB
0.4318468173344929,CATTTGAGTGGTACGT-1,2/fxs
1.8880931933720908,CCAAACAGAACCCTCG-1,4/TH
3.1846790115038552,CCAAAGCAGTTGGTTG-1,1/MB
-2.8094359934329987,CCAACGATGCACTGAT-1,5/HYL
1.9137937359822295,CCAACGCTTGCCAGGG-1,8/RSP
1.0787777503331504,CCAAGAAAGTGGGCGA-1,2/fxs
3.3874617715676623,CCAAGACTTCTGCGAA-1,4/TH
0.4831524689992268,CCAAGCGTAACTCGTA-1,9/CA3
1.1051331361134846,CCAAGGAACAGAGAGG-1,2/fxs
-1.6125676035881042,CCAAGTTTCTACAGAT-1,1/MB
0.904386262098948,CCAATAGATTTCATCT-1,0/CTXsp
-3.0732167959213257,CCAATAGTGCCGTCGA-1,5/HYL
1.526289951056242,CCAATCGGTAGATCGA-1,7/CA1
-0.828696017464002,CCAATGTCACAGCAAG-1,5/HYL
-1.614525020122528,CCAATTACGGGTCGAG-1,7/CA1
0.8349234263102214,CCAATTGAATGTTAAT-1,12/Parafascicular nucleus
-0.9717904329299927,CCACAATGTACGTCTT-1,7/CA1
2.205594172080358,CCACACTGAGATATTA-1,5/HYL
0.014027337233225468,CCACAGTACCCATCCT-1,3/II_III_IV
0.22968877355257655,CCACATGGCTCTTTAT-1,0/CTXsp
-0.7174369096755981,CCACCAACTTTACTGT-1,0/CTXsp
-2.9125680923461914,CCACCCAAGGAAAGTG-1,7/CA1
-2.4206544160842896,CCACGAATTTAACCTC-1,3/II_III_IV
-1.178758330643177,CCACGAGAAGAGAATC-1,2/fxs
2.7892440731326738,CCACGGAGCCATAAGA-1,0/CTXsp
1.8683824986219404,CCACGGTGCCCGGTAG-1,3/II_III_IV
2.3240470389525094,CCACTATCCGGGTCAC-1,3/II_III_IV
-0.519411563873291,CCAGAAAGCAACTCAT-1,0/CTXsp
-0.22162531812985753,CCAGAGACAAAGCCGG-1,5/HYL
-0.5266203135251999,CCAGATAGTTGAGTGA-1,13/DG
-1.6006472706794739,CCAGATGTAAATGGGT-1,3/II_III_IV
0.9437871873378754,CCAGCCTGGACCAATA-1,9/CA3
3.0190261006355286,CCAGCTACGCCTCATA-1,1/MB
1.336409648259481,CCAGCTCGAACGCATT-1,3/II_III_IV
-0.9352891246477764,CCAGCTTCCGCCCGCA-1,2/fxs
0.22239144394795096,CCAGGGACGTGGCCTC-1,4/TH
2.201643168926239,CCAGTAGTCTGATCCA-1,7/CA1
1.8503261804580688,CCAGTCAAATCTCTTA-1,0/CTXsp
0.8208113312721252,CCAGTCCATTATTCGA-1,1/MB
-1.3660203019777934,CCAGTCTAGACGGCGC-1,7/CA1
-0.9001017808914185,CCAGTCTTGTCATAGA-1,3/II_III_IV
2.869053800900777,CCATAAACAACCCGAC-1,2/fxs
0.9066226035356522,CCATAACCTGTGCAGT-1,0/CTXsp
-0.9732378423213959,CCATACCTTTACTTGT-1,6/V_VIa_VIb
2.1842072655757265,CCATACTCGCCTCTCC-1,16/COA
2.1285579601923623,CCATAGGTTGGCGTGG-1,5/HYL
-3.1667534708976746,CCATAGTCAGTAACCC-1,5/HYL
3.847099964817365,CCATATTGGATCATGA-1,1/MB
2.9904250502586365,CCATCCATACCAAGTC-1,12/Parafascicular nucleus
1.1466459582249322,CCATCGCAGTTAAACT-1,2/fxs
1.7668587317069373,CCATCTCACCAGTGAA-1,6/V_VIa_VIb
1.9624239703019457,CCATGCCTGTTTAGTA-1,2/fxs
-1.6558462381362915,CCATGCTCTGCAGGAA-1,4/TH
0.24859859546025587,CCATGGCCCTTGTACC-1,2/fxs
1.8309751649697623,CCATTAGCGATAATCC-1,4/TH
1.513353168964386,CCATTCCCTGCCCACA-1,5/HYL
-0.9031272754073143,CCATTTCTACCTATTA-1,3/II_III_IV
2.7002801100413003,CCCAAACATGCTGCTC-1,7/CA1
1.6884611606597901,CCCAACATACGTCGCG-1,15/VL
1.3809604843457537,CCCAATGAGATTTGCA-1,10/PIR
1.2738568981488545,CCCAATTTCACAACTT-1,2/fxs
1.0223451326601207,CCCACTCCACGGTATC-1,0/CTXsp
0.20340159038702643,CCCAGAGGAGGGCGTA-1,6/V_VIa_VIb
2.2233918209870653,CCCAGTAAACTTGGGA-1,0/CTXsp
1.3385162949562073,CCCAGTTAAGGCGCCG-1,2/fxs
-0.060981522003809685,CCCGAAGTTTCGCGAA-1,0/CTXsp
3.2428695956865945,CCCGACCATAGTCCGC-1,5/HYL
0.8516137500603993,CCCGCAGCGCGAACTA-1,2/fxs
4.06307523449262,CCCGCAGGGCCCAAAG-1,15/VL
-6.286578416824341,CCCGCCATGCTCCCGT-1,12/Parafascicular nucleus
1.2851409564415612,CCCGCGCAATGCACCC-1,5/HYL
3.11550764242808,CCCGGCTAGGTGAGAA-1,1/MB
2.4645543098449707,CCCGGGTCGTTCAGGG-1,11/I
2.1121268669764204,CCCGGTGGAAGAACCT-1,5/HYL
-1.074335366487503,CCCGGTGTATCGGAAT-1,0/CTXsp
3.9867870608965554,CCCGTAAGTCTAGGCC-1,15/VL
-2.113302707672119,CCCGTAGCTGGGAAGA-1,10/PIR
-1.240514025092125,CCCGTCAGCGTCTGAC-1,4/TH
-0.43201661979158723,CCCGTGAGGGCGGTGA-1,0/CTXsp
2.0372808277606964,CCCTAGGCAACAAGAG-1,0/CTXsp
0.40560738245646144,CCCTAGTGTCAGGTGT-1,1/MB
0.6755050023396811,CCCTATGTAGAGCAGA-1,0/CTXsp
1.2778410911560059,CCCTCAAGCTCTTAGT-1,1/MB
-1.511983573436737,CCCTCATTCTGGAATT-1,12/Parafascicular nucleus
-0.9808095097541809,CCCTGAAATGAGTTGA-1,5/HYL
1.7856933077176411,CCCTGACTAACAAATT-1,0/CTXsp
2.9418399135271707,CCCTGATGTAACTCGT-1,5/HYL
0.5886366218328476,CCCTGCCCAATCCGCT-1,1/MB
0.06140705322225892,CCCTGCGCTACGCATA-1,2/fxs
0.803083673119545,CCCTGGCTGTTCCTTC-1,0/CTXsp
1.1021396716435752,CCCTGTTGGCAAAGAC-1,1/MB
0.3655530661344528,CCCTTTGACAGGTCTT-1,2/fxs
2.340484937032064,CCGAAAGTGGTGAGCA-1,5/HYL
0.8217364748318989,CCGAACACTGGGCCTC-1,0/CTXsp
0.018463919560114506,CCGAACCTTCCCGGCC-1,6/V_VIa_VIb
-1.3799251914024353,CCGAAGTATATTGTTC-1,5/HYL
-1.7303762137889862,CCGACAAACACATGAG-1,5/HYL
-0.6179995139439902,CCGACAAAGGGAGTGC-1,2/fxs
0.08231605589389801,CCGACGGGCATGAGGT-1,10/PIR
2.46776149670283,CCGACGTAAACACAAC-1,8/RSP
0.07890748977661133,CCGAGCTGTGCTTGTC-1,6/V_VIa_VIb
1.539102996389071,CCGATCTCAACCTTAT-1,6/V_VIa_VIb
0.6279862324396768,CCGCACAAAGACCAAC-1,7/CA1
-0.5646160244941711,CCGCACGTGACCTCGG-1,5/HYL
0.8368571996688843,CCGCATGTGGTACGAT-1,6/V_VIa_VIb
0.4055402080217997,CCGCCGGAACTTCTCG-1,0/CTXsp
-1.6486454159021378,CCGCCGGTCAACACAC-1,1/MB
0.7838286658128102,CCGCCTGCGAATTGGT-1,2/fxs
-0.26028889417648315,CCGCCTTGCGATGTCG-1,0/CTXsp
2.9274555842081704,CCGCGATTTGGTAGGT-1,0/CTXsp
0.761265367269516,CCGCGGAATGCGTCAC-1,0/CTXsp
0.9466426620880761,CCGCGGGTACGAAGAA-1,2/fxs
3.311906317869822,CCGCGTAGGTAAGGGC-1,2/fxs
-1.1042623966932297,CCGCTATCAGCACCAG-1,9/CA3
0.6007153749465942,CCGCTTACCTCACTCT-1,1/MB
-0.8797009587287903,CCGCTTGCTGACATGG-1,8/RSP
4.1602013905843105,CCGGAATGGTTTCAGT-1,5/HYL
2.2416136910518007,CCGGAGCGTACTTTCT-1,10/PIR
3.247050325075785,CCGGAGGTCTTATGGT-1,8/RSP
1.5475927591323853,CCGGCACGACCGTTTC-1,3/II_III_IV
-2.131590247154236,CCGGCGCATATTGGAT-1,12/Parafascicular nucleus
1.7620121190945306,CCGGCGTGAGACTCTG-1,0/CTXsp
1.2842566693822541,CCGGGACCCGCAGAGA-1,12/Parafascicular nucleus
-0.6803022262950739,CCGGGCGGTCTCGTCA-1,9/CA3
-1.3200380355119705,CCGGGCTGCTCCATAC-1,7/CA1
-3.6919655799865723,CCGGGTTCGAGGTTAC-1,2/fxs
2.0601094315449395,CCGGTAATGGCTAGTC-1,3/II_III_IV
2.4555069357156754,CCGGTTTGTAATTGTG-1,10/PIR
-0.7289876639842987,CCGTAAGTTGGTCCCA-1,13/DG
3.3765878280003867,CCGTACCCAAGCGCCA-1,1/MB
0.6469612518946328,CCGTATCTCGTCGTAG-1,10/PIR
3.7746330300966897,CCGTATTAGCGCAGTT-1,6/V_VIa_VIb
2.6740504105885825,CCGTGCCCATGACGGC-1,12/Parafascicular nucleus
-2.77488973736763,CCGTGGAACGATCCAA-1,6/V_VIa_VIb
0.9955665767192841,CCGTGTTAAATTCCAT-1,0/CTXsp
0.6251832035680611,CCGTTACGTTAGAACA-1,7/CA1
4.186049818992615,CCGTTCCGAATCTCGG-1,15/VL
1.2179140845934548,CCTAAAGGCTGACGCT-1,14/CA1-pyramidal layer of the hippocampus
-0.7856381833553314,CCTAAATTAACGGTTC-1,9/CA3
1.7933509151140847,CCTAACCCAAACAAGT-1,3/II_III_IV
2.2566363364458084,CCTAACTAAGGCTCTA-1,14/CA1-pyramidal layer of the hippocampus
-2.866302788257599,CCTACAAGTCCGGAAT-1,8/RSP
-0.11488621433575952,CCTACATTCACAGACG-1,0/CTXsp
-1.408196677764257,CCTACGGCTCAGTCGA-1,4/TH
2.100653886795044,CCTACTGCTTACACTT-1,4/TH
1.2331551214059193,CCTAGGCGTAGCGATC-1,14/CA1-pyramidal layer of the hippocampus
-0.5921807140111923,CCTAGGTAAAGGTAGC-1,0/CTXsp
-2.4567898884415627,CCTATAATGAGTGCCC-1,3/II_III_IV
1.0306410988171897,CCTATACCGTCCTGTC-1,10/PIR
-1.4232666194438934,CCTATATTTGTCCTGG-1,3/II_III_IV
2.3096876740455627,CCTATCTATATCGGAA-1,7/CA1
3.095562756061554,CCTATGAAGTGGTGCC-1,3/II_III_IV
0.17250697811444615,CCTATGGCTCCTAGTG-1,11/I
-0.38824011882146203,CCTATGGGTTACCGTC-1,4/TH
0.4010711510976155,CCTCAACGATCGCTGT-1,0/CTXsp
1.2667900671561558,CCTCACCAATCTTGAC-1,4/TH
-1.9440383315086365,CCTCACCTGAGGGAGC-1,2/fxs
1.9558660686016083,CCTCACCTTAGCATCG-1,14/CA1-pyramidal layer of the hippocampus
-0.8982855081558228,CCTCATGCAGCTACGA-1,1/MB
5.347568511962891,CCTCCCGACAATCCCT-1,1/MB
-0.6295616726080577,CCTCCGACAATTCAAG-1,5/HYL
-1.4258365829785666,CCTCCTGAGCCCACAT-1,0/CTXsp
2.3389684557914734,CCTCGAAGTGGACGGG-1,1/MB
1.8494626382986703,CCTCGCCAGCAAATTA-1,5/HYL
0.46922234694163,CCTCGCGCGATATAGG-1,14/CA1-pyramidal layer of the hippocampus
0.0587349534034729,CCTCGCGCTGTGCGAT-1,10/PIR
-0.9744618535041809,CCTCGGACCGGGATAG-1,2/fxs
2.8036935329437256,CCTCGGATGCTACCTG-1,0/CTXsp
-0.4272378087043762,CCTCTAATCTGCCAAG-1,2/fxs
-0.8156775931517284,CCTCTATCGATTAGCA-1,10/PIR
-0.4549787441889446,CCTCTCTCCCATCTAG-1,5/HYL
2.977912724018097,CCTCTGGCCTAGACGG-1,2/fxs
-1.5941543877124786,CCTCTGTACTATTCTA-1,6/V_VIa_VIb
-3.907279849052429,CCTGAACGATATATTC-1,7/CA1
-0.4723162055015564,CCTGAATATTTACATA-1,4/TH
-0.21105077862739563,CCTGACAAACTCGCGC-1,1/MB
0.504475325345993,CCTGACCACCGATGGT-1,9/CA3
0.3455600241820017,CCTGCCCGTTGTCTAG-1,0/CTXsp
-2.7330037504434586,CCTGCGATAGAACTGT-1,1/MB
2.2484707832336426,CCTGCGTTCTACGCTT-1,0/CTXsp
-3.593355417251587,CCTGCTATTTGAGAAG-1,4/TH
2.0457887649536133,CCTGGAAACGTTCTGC-1,3/II_III_IV
-1.9017323032021523,CCTGGCTAGACCCGCC-1,4/TH
3.1484029690424604,CCTGGTCGAATGTGGG-1,3/II_III_IV
-0.8135181069374084,CCTGTAAGACATGATA-1,5/HYL
4.631339907646179,CCTGTACTCACGCCCA-1,15/VL
1.0419690509637196,CCTGTCACCCGGGCTC-1,4/TH
1.416391690572103,CCTGTCCCTCACGTTA-1,3/II_III_IV
0.497553860147794,CCTGTCGCCCGTAAAT-1,4/TH
0.7670920925835768,CCTGTGAAACCGTAAC-1,16/COA
0.18283479412396741,CCTTCAGTTAAAGTGA-1,0/CTXsp
-2.5111799240112305,CCTTCTCAGCGTTCCT-1,0/CTXsp
0.9741719166437783,CCTTCTTGATCCAGTG-1,5/HYL
1.5403305292129517,CCTTTAAGGGAGCACT-1,10/PIR
-0.35533376783132553,CCTTTCAATGAAGAAA-1,7/CA1
1.0219194044669468,CCTTTGAATTATGGCT-1,11/I
4.84091579914093,CGAAACATAGATGGCA-1,15/VL
1.1869359811147056,CGAAACGCAATTCATG-1,2/fxs
0.8497946634888649,CGAACAGTATGGGCGT-1,3/II_III_IV
3.0385398641228676,CGAACATAGTCAGAAA-1,8/RSP
2.8504028916358948,CGAACCCGCATGCGTC-1,2/fxs
3.442526638507843,CGAACGCCCAGTGCCG-1,1/MB
-1.0161045491695404,CGAACGGCCGGACAAC-1,0/CTXsp
0.77152119576931,CGAAGACGGTGAGTGC-1,16/COA
-1.0224173814058304,CGAAGCTATAAATTCA-1,6/V_VIa_VIb
-0.8549363613128662,CGAAGTTGCTCTGTGT-1,5/HYL
0.6329270601272583,CGAATCTGCTCGACGC-1,11/I
1.8905080333352087,CGAATGAAGTCATTGC-1,11/I
1.297800736191372,CGAATGACGCATAATG-1,3/II_III_IV
2.3687869906425476,CGACAATTTGATCTAA-1,6/V_VIa_VIb
1.13376784324646,CGACACCGCTTAAGGA-1,8/RSP
3.697660048802694,CGACACGCTCCGACAG-1,3/II_III_IV
1.3114487280448277,CGACAGTTCGCGTTAT-1,5/HYL
-1.5633510947227478,CGACCCTTAACGCCGG-1,0/CTXsp
1.546884924173355,CGACCTACTAGACAAT-1,0/CTXsp
-0.1762876113255818,CGACGCATCCGTACCT-1,0/CTXsp
-1.4165786107381186,CGACTCAGGATGTTAT-1,7/CA1
-1.543818473815918,CGACTCGGTACACGGT-1,8/RSP
2.5775250494480133,CGACTTTGTATAGCCT-1,3/II_III_IV
0.6934568981329599,CGAGACCCTAGAGTGT-1,9/CA3
-0.8671997785568237,CGAGAGATGTGAACCT-1,2/fxs
-1.2901386320590973,CGAGAGCGCGTAGATA-1,0/CTXsp
-0.27257217963536584,CGAGCACTTCAAGTTT-1,5/HYL
3.8594709833463035,CGAGCCGAGCACTCGA-1,1/MB
2.0590763663252196,CGAGCGTTGATCAGCC-1,12/Parafascicular nucleus
1.981919765472412,CGAGCTGGGCTTTAGG-1,5/HYL
1.419814077516397,CGAGGAGCTTCCATAT-1,3/II_III_IV
0.8125170258184273,CGAGGATCGGGAACGA-1,3/II_III_IV
0.5725462734699249,CGAGGCCAGGCATTGG-1,1/MB
0.0646728674570719,CGAGGCTAAATATGGC-1,4/TH
-2.9714173078536987,CGAGGGACTGCGGTCG-1,7/CA1
0.2776394248008729,CGAGGGTATCCAGGTG-1,11/I
0.6276603937149048,CGAGTACTAAAGAGGA-1,15/VL
2.128372261921565,CGAGTGAAGGTACCAG-1,10/PIR
0.5462701916694641,CGAGTGCTATAGTTCG-1,1/MB
-2.1616165041923523,CGAGTTCTGTCCCACC-1,13/DG
0.42821733156840014,CGAGTTTATCGGACTG-1,1/MB
3.6795992851257324,CGATACCTCGCGGACA-1,5/HYL
0.4627686540285746,CGATCATTAGAGGCAC-1,8/RSP
-0.18368849903345108,CGATCCGACCCAGTGC-1,5/HYL
0.1823236644268036,CGATCTGTTGGAGGAC-1,0/CTXsp
1.918164235850175,CGATGGACCCTACGCC-1,14/CA1-pyramidal layer of the hippocampus
0.6239332556724548,CGATGTTGTTATCTAC-1,11/I
-1.6694994270801544,CGATTAAATATCTCCT-1,6/V_VIa_VIb
2.0623947034279504,CGATTCGCCTGGCTGC-1,3/II_III_IV
-1.3828614950180054,CGCAAACACGAGTTAC-1,4/TH
2.582877953847249,CGCAATCGATCATTAG-1,2/fxs
0.7826081415017445,CGCAATTACTTTCGGT-1,5/HYL
0.11731976270675659,CGCAATTAGGGTAATA-1,4/TH
-1.6729273796081543,CGCAATTCTACAATAA-1,5/HYL
-4.3804895877838135,CGCACATGTCCACTAC-1,7/CA1
1.0774466693401337,CGCACGTGCGCTATCA-1,6/V_VIa_VIb
2.522139406452576,CGCAGATCTTCACCCG-1,8/RSP
3.5071595907211304,CGCATCATGGCTTCAG-1,2/fxs
0.09911439319451648,CGCATCCATCAGCCAG-1,3/II_III_IV
2.628504907091459,CGCATGGTGCGATGCT-1,9/CA3
0.4215648969014485,CGCATTAGCTAATAGG-1,4/TH
0.7934874296188354,CGCCAAGAAGCCGAGT-1,1/MB
-0.3538966439664364,CGCCACAGGTCGCGAT-1,0/CTXsp
2.5058626532554626,CGCCATCCGATTATGA-1,13/DG
-0.8980696201324463,CGCCCAGCACGCCTAG-1,10/PIR
1.1761953979730606,CGCCCGCTTCCGTACA-1,7/CA1
2.9747931162516275,CGCCCTTGAAGGCTGA-1,1/MB
1.0485151410102844,CGCCGACTATTCGCTA-1,16/COA
0.6201154589653015,CGCCGCCCATGCCTGT-1,14/CA1-pyramidal layer of the hippocampus
-2.069911479949951,CGCCTCCCTCCTCTAT-1,9/CA3
2.138127736747265,CGCCTGGCCTACGTAA-1,15/VL
0.04517374436060573,CGCGACACTGCGCAGC-1,1/MB
-1.7421175638834636,CGCGACCGCGACAGAT-1,11/I
2.62185796101888,CGCGAGAGGGACTTGT-1,6/V_VIa_VIb
1.6018006751934686,CGCGAGTCTGCCGGGT-1,10/PIR
-0.003334730863571167,CGCGCAAATGTCCAGA-1,0/CTXsp
-1.2468544443448386,CGCGCATGTTTGATTG-1,1/MB
2.552520493666331,CGCGCCCGACTTAATA-1,2/fxs
1.5235841572284698,CGCGGCAGTATTACGG-1,1/MB
1.0616773764292398,CGCGGCTCAACTTGAA-1,6/V_VIa_VIb
0.5829777022202809,CGCGGGAATTAGGCAG-1,13/DG
2.7616267551978426,CGCGGTAAGTCTAGCT-1,3/II_III_IV
0.36216642459233617,CGCGGTCACAAACCAA-1,6/V_VIa_VIb
1.2256930371125538,CGCGTTCATGAAATAC-1,4/TH
0.27684297164281224,CGCTACGGGACATTTA-1,5/HYL
-1.97397381067276,CGCTAGAGACCGCTGC-1,8/RSP
3.268312980731328,CGCTATACCGCCCACT-1,12/Parafascicular nucleus
1.3768321325381598,CGCTATTCAATGTATG-1,5/HYL
3.339142858982086,CGCTATTCTTAGGCTC-1,4/TH
0.7089098890622456,CGCTCGACATAATGAT-1,4/TH
-1.5466835498809814,CGCTCTCCGTAGATTA-1,5/HYL
1.8129805326461792,CGCTGGTGACTACCCT-1,3/II_III_IV
0.7136453191439309,CGCTGTGACGCCGCAC-1,4/TH
2.3270290096600847,CGCTGTGTGGATGTTG-1,10/PIR
5.160318851470947,CGCTTATTCCCGGTCG-1,15/VL
-0.7569660106673837,CGCTTCCACTGAAATC-1,12/Parafascicular nucleus
3.4538532694180804,CGCTTTCATACCGGTG-1,5/HYL
-2.395893156528473,CGCTTTCTTGCATTCG-1,7/CA1
-0.4507799744606018,CGGAAAGAATCAAACG-1,10/PIR
0.9099755138158798,CGGAAAGCAAATGTGC-1,1/MB
1.4913610617319741,CGGAACGTAAACATAG-1,2/fxs
1.6788143391410508,CGGACGTTACTTGAAG-1,0/CTXsp
1.082703173160553,CGGAGCAATTTAATCG-1,6/V_VIa_VIb
-1.604367971420288,CGGAGCATGGCGATCC-1,9/CA3
1.2740009799599648,CGGAGTTTGAGAGACA-1,5/HYL
2.405200908581416,CGGATAAGCGGACATG-1,1/MB
0.9194453259309134,CGGCAAACATCGTGCG-1,6/V_VIa_VIb
-0.6144216805696487,CGGCACCGTTAGCGCC-1,2/fxs
2.7884082794189453,CGGCACTCAAGAAAGT-1,1/MB
1.9132521748542783,CGGCAGGGTCGGGTTG-1,14/CA1-pyramidal layer of the hippocampus
-0.4753137628237407,CGGCCACGCACAAAGT-1,4/TH
-1.9697338342666626,CGGCCCAACCTGTAGT-1,8/RSP
-0.5898745059967041,CGGCCCAGGTATATCC-1,3/II_III_IV
-0.7974053919315338,CGGGAATATAGTATAC-1,11/I
0.6990523934364319,CGGGAATTTATGTAAA-1,9/CA3
-0.29997413605451584,CGGGAGCTTCAGTGTA-1,3/II_III_IV
3.827102263768514,CGGGAGTATACCGCCG-1,1/MB
0.3369764884312947,CGGGATCAATGTAAGA-1,4/TH
1.4533400858441987,CGGGCAGCTAAACCGC-1,2/fxs
0.9420565565427146,CGGGCCATAGCCGCAC-1,1/MB
-4.067095518112183,CGGGCCTTCTTTGTAA-1,9/CA3
0.7161873243749142,CGGGTGTACCCATTTA-1,7/CA1
-0.22443373799324035,CGGTACGGCAAACCCA-1,0/CTXsp
0.09220581750075019,CGGTACTAGAATCAAA-1,2/fxs
1.9312734504540763,CGGTAGAGGTGCAGGT-1,7/CA1
-0.5883802175521851,CGGTATAGGTATTAGC-1,8/RSP
0.9833181742578745,CGGTCAAGTGGGAACC-1,13/DG
4.083392043908438,CGGTCCATGAGACTCC-1,8/RSP
1.0669720682005088,CGGTCCGTCGCAAGCC-1,3/II_III_IV
-0.12371247261762619,CGGTCTATCAACCCGT-1,7/CA1
0.6595054666201272,CGGTGAAGACTAAAGT-1,2/fxs
0.16894474029541007,CGGTGCAGATAGAACG-1,2/fxs
2.2710504730542502,CGGTGCGCGTTGGTCC-1,0/CTXsp
-2.336485266685486,CGGTGGGCTCCAGCCT-1,6/V_VIa_VIb
1.205547720193863,CGGTGTACTTGATCCC-1,5/HYL
1.0030835668245952,CGGTTATCCAACAGTG-1,7/CA1
0.5065479079882304,CGGTTCAAGTAGGTGT-1,14/CA1-pyramidal layer of the hippocampus
-1.1001338958740234,CGGTTCCGGCTTCTTG-1,1/MB
3.9339068233966827,CGGTTGACCTGGCATA-1,15/VL
2.5389936367670694,CGGTTTATGAAGGAAC-1,8/RSP
-1.6661093632380168,CGTAAACGCTTGAGTG-1,1/MB
1.404626746972402,CGTAATAATTACGAGT-1,1/MB
1.4613734781742096,CGTACCGAAAGTCTAG-1,1/MB
0.38497600952784206,CGTACCTGATAGGCCT-1,4/TH
0.7978434809483588,CGTATTAAGAGATCTA-1,4/TH
-4.759837627410889,CGTCAAATGGTCGCAG-1,3/II_III_IV
2.8305243651072183,CGTCAAGGCTATAAAT-1,2/fxs
1.7285533162454765,CGTCAATCTTTAACAT-1,1/MB
-0.18385972579320276,CGTCACGTCCATTGGT-1,9/CA3
-1.6082787215709686,CGTCAGCTATTTACTC-1,1/MB
3.464932282765706,CGTCAGTGCGCACAAG-1,1/MB
2.058834324280421,CGTCATACCATATCCA-1,5/HYL
4.1599525809288025,CGTCCAGATGGCTCCA-1,1/MB
3.675851821899414,CGTCGCGGCGGGATTT-1,1/MB
1.88749361038208,CGTCGCTTGGTTATAC-1,11/I
-1.8591522971789043,CGTCGGATAGTGTTGA-1,2/fxs
-0.6055298149585724,CGTCGGGTCTAAGCGC-1,0/CTXsp
1.5633900662263234,CGTCGTCCTTCGCGAA-1,3/II_III_IV
-0.2934101025263469,CGTCTGGAAGGGCCCG-1,5/HYL
3.1623024344444275,CGTGAAGTTAATTCAC-1,2/fxs
0.6090673406918845,CGTGACATTGGGTCGT-1,14/CA1-pyramidal layer of the hippocampus
-0.25289487838745117,CGTGACCAGTCCTCTG-1,3/II_III_IV
1.696975400050481,CGTGCAGACTGGGACA-1,9/CA3
1.7267641971508663,CGTGCATTGTCGACGC-1,2/fxs
0.989010860522588,CGTGCCCTCCCGAAGA-1,9/CA3
2.5184926788012185,CGTGCTGGCCTAGTCG-1,1/MB
-1.985406219959259,CGTGCTTCTACCTAAA-1,10/PIR
1.2580681939919791,CGTGGCCGAATATCTA-1,3/II_III_IV
-0.9518993496894836,CGTGTCCCATTCGCGA-1,4/TH
-1.9459517449140549,CGTGTCTCGTTACGAC-1,0/CTXsp
1.0448330640792847,CGTGTGTTAAACCCTG-1,3/II_III_IV
-0.47910118103027344,CGTTAGCTCACAACTG-1,2/fxs
1.309417712688446,CGTTATCATACTTCCA-1,0/CTXsp
0.8099032789468765,CGTTCATGGTGCGCGT-1,0/CTXsp
0.9225371380647023,CGTTCTTCGCACACCT-1,6/V_VIa_VIb
0.17376025517781568,CGTTGAATACCGCGCT-1,3/II_III_IV
-0.867957224448522,CGTTGAGCGACCGTCG-1,9/CA3
1.7714664340019226,CGTTGAGTAATTGCGT-1,8/RSP
2.6996963024139404,CGTTGCCCGCGTGGGA-1,11/I
3.4615026513735456,CGTTGTAAACGTCAGG-1,1/MB
0.27549568812052394,CGTTGTAAGATTGATT-1,6/V_VIa_VIb
2.8632461428642273,CGTTGTCGGCAATTGA-1,11/I
0.1302254001299541,CGTTGTTTCAATTCCC-1,5/HYL
-0.23410803079605103,CGTTTAAGCGGAGCAC-1,1/MB
2.856561303138733,CGTTTACAAGGCAGCT-1,8/RSP
0.8135561247666676,CGTTTCACTTCGGGCG-1,2/fxs
1.25494384765625,CGTTTCGCTCATTACA-1,5/HYL
0.9473075369993844,CGTTTGTGTAGAGGGT-1,10/PIR
1.6105576157569885,CTAAAGAATGCCTACT-1,5/HYL
-0.30318114161491394,CTAAAGGGAAATAGGA-1,9/CA3
-0.5961208865046501,CTAAATCCGGTGTACA-1,0/CTXsp
-0.09453998009363818,CTAAATCCTATTCCGG-1,13/DG
-0.8033459931612015,CTAACCGCGCGCCCGT-1,5/HYL
-1.4574094414710999,CTAACGAAACTTGCTG-1,14/CA1-pyramidal layer of the hippocampus
-1.1160418093204498,CTAACTGGTCCGGTTC-1,0/CTXsp
-1.4642814993858337,CTAAGGGAATGATTGG-1,9/CA3
-0.2867514848709106,CTAATTATGAAGCGTA-1,8/RSP
1.3258911619583764,CTAATTCGCACGCGCT-1,5/HYL
2.270287382105986,CTAATTCTCAGATATT-1,6/V_VIa_VIb
1.4316601355870566,CTAATTTCAACAACAC-1,5/HYL
0.9988007545471191,CTACAAGAAATAACCC-1,10/PIR
0.7959572349985441,CTACCCTAAGGTCATA-1,7/CA1
4.8188618421554565,CTACGACTAGCTATAA-1,15/VL
-2.6100422888994217,CTACGCACGGAGTACC-1,4/TH
2.601229647795359,CTACGCCATTTCCGAT-1,7/CA1
1.1448040071409196,CTACTATCATAGGTTT-1,10/PIR
2.073889747262001,CTACTATCTTTCAGAG-1,7/CA1
-0.3186262647310891,CTACTCAAGGTATAGT-1,10/PIR
2.519381721814473,CTACTCTAGGCCCGGC-1,2/fxs
0.3622589806715647,CTACTGCCACCTGACC-1,4/TH
-0.5959663391113281,CTAGACTGCATTTCGT-1,8/RSP
0.9796555936336517,CTAGATGTGAGTGTAA-1,6/V_VIa_VIb
-0.030015476047992706,CTAGATTTACGACGGC-1,9/CA3
0.8893607060114541,CTAGCATAGTATAATG-1,4/TH
-3.8080183267593384,CTAGCCGATGTTATGA-1,2/fxs
-0.5556721687316895,CTAGGCGCCCTATCAG-1,3/II_III_IV
-0.18660513063271844,CTAGGTCTGAAGGAAT-1,8/RSP
1.5922748843828836,CTAGGTTCGGACGTGA-1,3/II_III_IV
-2.290898323059082,CTAGTATTCGGAATTA-1,7/CA1
-1.3574447333812714,CTAGTCACGTCTTAAG-1,9/CA3
-2.7179583609104156,CTAGTGAAGGACAGGA-1,5/HYL
0.05172925690809882,CTAGTTACAACCCGGT-1,6/V_VIa_VIb
-0.32141653199990594,CTAGTTGGGCCCGGTA-1,4/TH
-0.8185766090949377,CTATAAGAGCCAATCG-1,7/CA1
3.516832033793132,CTATAGGCGTTGATGT-1,0/CTXsp
0.3433537364006043,CTATCGACGAAATACA-1,3/II_III_IV
-0.3809244707226753,CTATCGGGTCTCAACA-1,9/CA3
0.1761390132208665,CTATGCCCGAATGCAA-1,3/II_III_IV
-2.6250521540641785,CTATGTCACTAGCCCA-1,4/TH
2.592553536097209,CTATGTCTATTGAAAC-1,1/MB
-1.7911814749240875,CTATGTGAGTCACGGC-1,0/CTXsp
1.3525681445995965,CTATTCATGTGTCCCA-1,6/V_VIa_VIb
2.5344340267280736,CTATTGTGTTTGGTCA-1,8/RSP
1.5367902517318726,CTATTTGGTTACGGAT-1,7/CA1
0.8692976894478003,CTCAAACCACTGCCCG-1,11/I
1.9582110593716302,CTCAAGACATTAGCGC-1,8/RSP
1.6600422412157059,CTCACACGCAAGCCTA-1,3/II_III_IV
0.839014545083046,CTCACATTTACTAAAT-1,3/II_III_IV
2.550053060054779,CTCACCAGTACAAGTG-1,16/COA
1.2430215080579121,CTCACCGATCCAAACT-1,8/RSP
4.265698393185934,CTCACTTGGCTGGTAA-1,15/VL
2.00308300058047,CTCAGATTGTGATAAG-1,0/CTXsp
-2.1604379415512085,CTCAGGACTCACCTGT-1,5/HYL
-0.2134151253849268,CTCAGTCACGACAAAT-1,14/CA1-pyramidal layer of the hippocampus
0.8960668345292411,CTCATGGCTCACAATC-1,1/MB
1.0664789552489915,CTCATGGTAATTTGCG-1,0/CTXsp
-0.9029483050107956,CTCATTCGTGAACATC-1,0/CTXsp
-1.780128300189972,CTCATTGCTCTAACAA-1,11/I
-0.7567625939846039,CTCATTTGATGGGCGG-1,4/TH
0.6623151202996571,CTCCCTCCTTTCGATC-1,0/CTXsp
1.1619971990585327,CTCCGCCCACATGAGG-1,1/MB
-1.7146617770195007,CTCCGGCCTAATATGC-1,4/TH
2.3578863938649492,CTCCGGCTTGTAGACA-1,1/MB
2.9983164270718894,CTCCTAAGTTATGTCT-1,1/MB
-1.7773295044898987,CTCCTCCAGCTCACAC-1,3/II_III_IV
2.1729969133933382,CTCCTTTACGCAAGTC-1,6/V_VIa_VIb
2.238224053134521,CTCGAGACATACGATA-1,0/CTXsp
1.3541035987436771,CTCGAGATCCAAAGCA-1,1/MB
1.2548015117645264,CTCGAGGTCGAACAGT-1,4/TH
0.6047018965085349,CTCGATATTTGCGAGC-1,7/CA1
0.0006670951843261719,CTCGCACCTATATAGT-1,4/TH
2.8444424668947854,CTCGCCGAATGTAGGG-1,3/II_III_IV
-0.08664759993553162,CTCGGGATAACACCTA-1,11/I
-1.249837161352237,CTCGGGTTCTCTGGCC-1,0/CTXsp
0.06767964363098145,CTCGGTACCACTGCTC-1,14/CA1-pyramidal layer of the hippocampus
-1.362363040447235,CTCGGTCCGTAGCCTG-1,12/Parafascicular nucleus
0.5248609955112139,CTCGGTTGTCGGCCCT-1,0/CTXsp
2.2692770014206567,CTCGTCGAGGGCTCAT-1,11/I
0.20662589867909742,CTCGTTTCTAATGTTT-1,2/fxs
1.1885118335485458,CTCTAATGCATTGATC-1,6/V_VIa_VIb
-0.22880117098490405,CTCTACACTGGCGATT-1,0/CTXsp
0.674687015513579,CTCTATTTGGCTGCAG-1,2/fxs
0.03511979182561231,CTCTCACAATCGATGA-1,4/TH
2.374440928300222,CTCTCGCTGTACTATG-1,2/fxs
-0.3792788883050284,CTCTCTAACTGCCTAG-1,0/CTXsp
0.2703527808189392,CTCTGCGAAGCAAGCA-1,12/Parafascicular nucleus
-1.0661276951432228,CTCTGGACGCCTGGTG-1,4/TH
3.677953839302063,CTCTTCTATTGACTGG-1,3/II_III_IV
1.8041617770989737,CTCTTCTGGAAGTTAG-1,0/CTXsp
0.983936071395874,CTCTTGTCCCGCTTGG-1,6/V_VIa_VIb
2.501521368821462,CTGAAAGAGATCCGAC-1,5/HYL
0.33487131198247266,CTGAATCCGAGACCTC-1,9/CA3
-1.5755945444107056,CTGAATTTATTGCCAG-1,6/V_VIa_VIb
1.2207049330075581,CTGACTGCGCAGCTCG-1,6/V_VIa_VIb
-0.6643195891131958,CTGAGCAAGTAACAAG-1,1/MB
-1.4365189671516418,CTGATAGTGTATCTCA-1,2/fxs
0.6141455173492432,CTGCACAACTACATAT-1,6/V_VIa_VIb
-0.5352061241865158,CTGCACCTAGTCCACA-1,3/II_III_IV
0.7945286929607391,CTGCACCTGGAACCGC-1,12/Parafascicular nucleus
-0.6562002400557201,CTGCACTCCAGTACAG-1,6/V_VIa_VIb
0.6247886816660562,CTGCCAAGGTTGGAAG-1,7/CA1
0.7464359079798062,CTGCCATGCATCACAT-1,9/CA3
0.6996221989393234,CTGCCCACGAAGCGTT-1,16/COA
2.779834896326065,CTGCCTTTAATACCTT-1,11/I
-3.9603086709976196,CTGCGGGTGAAATGTT-1,2/fxs
2.1051850517590838,CTGCGGTAGTCACGTG-1,2/fxs
0.47262418270111084,CTGCGTTACGATATAA-1,2/fxs
1.8881044189135232,CTGCTGAGGCCACGAA-1,0/CTXsp
1.1076558281977973,CTGCTTGGCGATAGCT-1,8/RSP
1.005360722541809,CTGCTTTATGTCCGCG-1,6/V_VIa_VIb
1.812370886405309,CTGGAAATGGATGCTT-1,4/TH
0.06732833633820212,CTGGAAGACACGGTGG-1,3/II_III_IV
3.5368549625078836,CTGGACGCAGTCCGGC-1,0/CTXsp
1.9824595749378204,CTGGATTTACACTTGA-1,7/CA1
3.1365230083465576,CTGGCATCCGAATGAG-1,0/CTXsp
3.062640865643819,CTGGCGACATAAGTCC-1,7/CA1
-2.4656366482377052,CTGGCGCACAGGTCTG-1,7/CA1
1.9357153015832105,CTGGCGGGAATAAGTA-1,5/HYL
3.68491792678833,CTGGCTGATTCATCCT-1,6/V_VIa_VIb
1.2163047365223367,CTGGCTGGTTGTCAGT-1,10/PIR
1.9135030458370843,CTGGGATAAATAATGG-1,14/CA1-pyramidal layer of the hippocampus
-0.4237698117891948,CTGGGATACGCTACCC-1,3/II_III_IV
4.589369893074036,CTGGGCCTGCTATATC-1,15/VL
1.0094915429751077,CTGGGTAGGCAGTTAA-1,7/CA1
2.6586660146713257,CTGGGTTGAGTTAAAG-1,0/CTXsp
1.0681892534097037,CTGGTAACACATAGAA-1,6/V_VIa_VIb
2.1620278855164847,CTGGTAACGAGCTCTT-1,14/CA1-pyramidal layer of the hippocampus
-1.6150363087654114,CTGGTCATTCCAATCC-1,1/MB
1.1685433040062585,CTGGTTTCGAGCAAGA-1,6/V_VIa_VIb
1.2041989571104446,CTGTACTTCTTAGCAT-1,5/HYL
-0.17480026185512543,CTGTAGCCATCTCACT-1,10/PIR
-0.3196880022684734,CTGTATGGTGTAGAAA-1,5/HYL
-1.1338633000850677,CTGTCAAATGGCTCGG-1,13/DG
1.6619422137737274,CTGTCACGCCAGGCGC-1,2/fxs
1.3650558789571126,CTGTGCAGGGTAGGTC-1,9/CA3
-0.7760537564754486,CTGTGGTCGGGAGATA-1,11/I
0.2568275729815166,CTGTTACCCAATCTAG-1,9/CA3
0.13948196172714233,CTGTTCACTGCCTGTG-1,4/TH
0.483590414126714,CTGTTCATCTCACGGG-1,4/TH
3.1003080010414124,CTGTTGGCTCTTCTGA-1,1/MB
-0.33577533066272736,CTTAAATAAGACCCAT-1,2/fxs
2.5950818719963236,CTTAACTTCGAAGTAC-1,1/MB
1.3767416626214983,CTTAAGCAGCGAGCCG-1,0/CTXsp
-0.1679549217224121,CTTACACGGTATTCCA-1,4/TH
1.2491151864329972,CTTACACTGGGAAATA-1,12/Parafascicular nucleus
3.4508843421936035,CTTAGCCCGGATAGTG-1,2/fxs
0.3181162389616171,CTTAGCCTTCCACATG-1,13/DG
1.0970333218574524,CTTAGTAGGCCTACAG-1,6/V_VIa_VIb
0.5162057975927987,CTTATGCGCTCAGGGC-1,0/CTXsp
3.1241908371448517,CTTATGTTGACTACCA-1,1/MB
0.9738922317822774,CTTCAACTCCACTTGG-1,3/II_III_IV
0.550174315770467,CTTCAGTGGTCGCCTA-1,0/CTXsp
2.2584458092848463,CTTCATAGCTCAAGAA-1,4/TH
2.973491609096527,CTTCATTGTCAGTGGA-1,4/TH
2.254992087682088,CTTCCGCTCCGTGAAG-1,10/PIR
0.4437830845514932,CTTCGTAGATAGGTGA-1,5/HYL
2.324837401509285,CTTCTATGTTGAAGTA-1,1/MB
0.18355226516723633,CTTCTATTAATGCTAG-1,0/CTXsp
-2.116821765899658,CTTCTTACGTCGTATA-1,1/MB
2.5436208248138428,CTTGACCCGAAAGATA-1,1/MB
-0.6503344476222992,CTTGAGGTTATCCCGA-1,1/MB
0.8747596169511477,CTTGAGTTAGGGTAAT-1,6/V_VIa_VIb
-3.0892672538757324,CTTGCCCAGGCTCTAC-1,9/CA3
1.0014997621377308,CTTGGCCAAGCTGGGA-1,3/II_III_IV
-0.32693270718057954,CTTGTACTTGTTGACT-1,4/TH
2.40295418103536,CTTGTCAACATTCGAG-1,6/V_VIa_VIb
1.2994043827056885,CTTGTGAGTCTTTGAC-1,1/MB
4.098870038986206,CTTGTGCTCACCGATT-1,14/CA1-pyramidal layer of the hippocampus
0.4846867720286052,CTTGTTGCTGAGTCAA-1,7/CA1
2.8410443862279253,CTTGTTTATGTAGCCA-1,5/HYL
0.483397901058197,CTTTAACTTTCAAAGG-1,4/TH
1.3303222662458816,CTTTAATATTGGTCGA-1,6/V_VIa_VIb
-2.527950882911682,CTTTACCGAATAGTAG-1,3/II_III_IV
0.8388093908627827,CTTTAGGAACACTGTT-1,2/fxs
-1.5573164522647858,CTTTAGTGCTATTATT-1,9/CA3
-1.053147166967392,CTTTCTGTGCGGGCTT-1,6/V_VIa_VIb
2.6009937028090158,CTTTGACGTCGCTTCT-1,0/CTXsp
-0.5494253635406494,CTTTGGCGCTTTATAC-1,2/fxs
0.9773900161186853,CTTTGGCTTTAGTAAA-1,5/HYL
-0.2668129540979862,CTTTGTCGAATGCTCC-1,11/I
2.8992848992347717,GAAACAGATGACCACC-1,6/V_VIa_VIb
3.0227911869684854,GAAACAGCCATGCAGT-1,1/MB
0.7352528348565102,GAAACATAGGAAACAG-1,0/CTXsp
0.03641080856323242,GAAACCATGGTGCGCT-1,8/RSP
0.012536406517028809,GAAACCGAATTACCTT-1,9/CA3
0.1602497696876526,GAAACCTATACAAATG-1,10/PIR
-0.3028906472027302,GAAACTCGTGCGATGC-1,5/HYL
0.7743832940856615,GAAAGAACAGCGTTAT-1,8/RSP
-1.989069253206253,GAAAGCAGTGCACTTT-1,10/PIR
-0.22675385822852456,GAAAGCCCTTTGGACC-1,2/fxs
1.7817195455233255,GAAAGTGACTAACTGC-1,5/HYL
-0.09950108329455043,GAAATACTAAACGTTT-1,5/HYL
2.8199851910273233,GAAATATCACCATCAG-1,2/fxs
-0.11614781121412898,GAAATATGCTTGAATG-1,6/V_VIa_VIb
2.4345621168613434,GAAATCGCGCGCAACT-1,5/HYL
3.652233064174652,GAAATCTGACCAAGTT-1,1/MB
-1.0526535212993622,GAAATGGCGGTGTTAG-1,4/TH
2.164459730188052,GAAATGGGATGTAAAC-1,1/MB
1.7158178587754567,GAAATTAGCACGGATA-1,2/fxs
-1.825995534658432,GAAATTCACATCGCTG-1,2/fxs
-3.7075376510620117,GAAATTGTCTCTATAA-1,9/CA3
0.33866259455680847,GAACACACATCAACCA-1,4/TH
1.8164954756697018,GAACAGATTACTAAAT-1,3/II_III_IV
3.1790353258450827,GAACATTAGTATGTTA-1,3/II_III_IV
0.8311056296030679,GAACCCTCTGTGTTCT-1,6/V_VIa_VIb
-2.0838650465011597,GAACCTCGACCTACAC-1,0/CTXsp
-2.3599817752838135,GAACGACCGAATGATA-1,5/HYL
-0.28885983924070996,GAACGATAAGTTAAAG-1,3/II_III_IV
0.7833729883035023,GAACGTCTCATGGTCG-1,7/CA1
1.107626035809517,GAACGTTAGGAAGACG-1,0/CTXsp
1.6146911457180977,GAACTTGTGCACGGGA-1,3/II_III_IV
-1.8368250528971355,GAAGAAACGATATTGT-1,0/CTXsp
4.025460322697957,GAAGAACGGTGCAGGT-1,12/Parafascicular nucleus
2.5289279321829476,GAAGCCGGGTAAGCTC-1,1/MB
1.0561896165211997,GAAGCCTGCACATTCC-1,3/II_III_IV
-1.0620940923690796,GAAGCGTGAGGAATTT-1,4/TH
1.296555072069168,GAAGCTCGGACCCGTC-1,0/CTXsp
3.2703102628389997,GAAGCTCTTTGCTTAG-1,1/MB
2.8330694437026978,GAAGCTTGCTGACCGC-1,5/HYL
-0.9715847969055176,GAAGGCTACCATTGTT-1,3/II_III_IV
0.15800746281941724,GAAGTCAGTTGCACTA-1,10/PIR
0.4666632612546284,GAAGTCTCCCTAGCGA-1,7/CA1
1.7466977648437023,GAAGTGATTTATCGTG-1,5/HYL
-1.2572842836380005,GAAGTGCTGGATAGCT-1,1/MB
-0.29338488727808,GAAGTTTCCACTCAAT-1,5/HYL
1.6477005332708357,GAATAGACGCGACCCA-1,6/V_VIa_VIb
2.333309938510259,GAATAGCCCTGCGGTC-1,6/V_VIa_VIb
0.08233439922332764,GAATAGTGCTCGATTA-1,0/CTXsp
0.40348973870277405,GAATATTCGGAGTCCC-1,14/CA1-pyramidal layer of the hippocampus
0.543409655491511,GAATCGACATGGTCAC-1,4/TH
1.4904689770191908,GAATCGCCGGACACGG-1,1/MB
1.2307192732890446,GAATCTGAACATTCTC-1,9/CA3
-0.18332315236330032,GAATGAAGGTCTTCAG-1,8/RSP
2.8630071083704633,GAATGCCGAAATGACC-1,1/MB
0.30404971043268825,GAATGCGAATCGGTTC-1,11/I
0.9782026745378971,GAATGGGCTTATCGAC-1,0/CTXsp
-1.9176346262296042,GAATGTATGGCAGGTC-1,2/fxs
-1.937672272324562,GAATGTGGTCCGGATT-1,2/fxs
-0.8828742305437725,GAATGTTGGGTAATCT-1,4/TH
0.37937711675961805,GAATTATAGTGAAAGG-1,4/TH
-0.34020906686782837,GAATTCACCCGGGTGT-1,9/CA3
0.40542280673980713,GAATTTCTCGCTGCAG-1,5/HYL
0.8217631503939629,GACAAACATATGCAGG-1,3/II_III_IV
1.5559075226386387,GACAACGACCATTGAA-1,7/CA1
0.9759145155549049,GACAACGCAGCTTACG-1,4/TH
-0.07092938820521044,GACACAAGGGAAGAAA-1,4/TH
3.1169859568277993,GACACGAGTTAGAGGA-1,5/HYL
-1.128753423690796,GACACTGAGTTCAGTG-1,2/fxs
-0.18492096662521362,GACAGATTTCTGGCTC-1,0/CTXsp
0.7444756999611855,GACAGCCAGACCTGAC-1,2/fxs
1.824009751280149,GACATACTGTCGCAGA-1,1/MB
2.002204328775406,GACATCGATTTATAAC-1,2/fxs
1.0483988585571447,GACCAGAGCCCTGTAG-1,4/TH
1.8031061887741087,GACCCAATTATGATAC-1,0/CTXsp
1.25965815782547,GACCCGTCGCCGGCTA-1,1/MB
2.2751801535487175,GACCGACGTGAAAGCA-1,3/II_III_IV
2.6837090651194253,GACCGACTGAAGCGTC-1,2/fxs
-0.8231616914272308,GACCGTCAGGTCGTGA-1,7/CA1
-0.32804981867472316,GACCGTGCTGACGGTG-1,5/HYL
0.9157469471295676,GACCGTTACATGCGAC-1,0/CTXsp
3.3462862769762673,GACCTGGTCTGGGCGT-1,1/MB
1.7903895204265914,GACGACGATCCGCGTT-1,6/V_VIa_VIb
-0.2848555843035381,GACGCCGTAAAGGCTA-1,10/PIR
0.9935643871625266,GACGCCTGTTGCAGGG-1,1/MB
-0.7053015232086182,GACGCTTGCTTCTAAA-1,2/fxs
1.4410578335324922,GACGGGTTGGCCCGTA-1,3/II_III_IV
-0.09680276115735376,GACGGTCAATAGAAGC-1,2/fxs
-1.4384642442067466,GACGTGTAGGGATTAT-1,5/HYL
1.0214603543281555,GACGTTCGTAAATACA-1,3/II_III_IV
-0.8329989016056061,GACTAAGATCATGCAC-1,4/TH
1.0746030360460281,GACTAAGTAGGCTCAC-1,4/TH
1.8268520385026932,GACTACAAAGCGGTGG-1,0/CTXsp
0.8202739506959915,GACTCACCCACGTGAG-1,3/II_III_IV
-0.5361311882734299,GACTCCCAGAATAAGG-1,8/RSP
0.3688033719857533,GACTCCTTCCAATTGA-1,0/CTXsp
-0.20734910170237209,GACTCGCGGGAATGAC-1,14/CA1-pyramidal layer of the hippocampus
2.088789440691471,GACTCGGTCGGCGGAT-1,8/RSP
3.1860238909721375,GACTGATTGGTCACAA-1,8/RSP
-1.2960301041603088,GACTGCAAATCGAGCT-1,3/II_III_IV
3.2392016649246216,GACTGCACCAGCCCAG-1,6/V_VIa_VIb
-2.832755893468857,GACTGCGGCACGTGTA-1,5/HYL
2.808679382006327,GAGAATCTCACGATCA-1,16/COA
-0.7877569794654846,GAGACCCTGCAACGCC-1,8/RSP
-1.5205013751983643,GAGACTGATGGGTAGA-1,4/TH
-2.2110190391540527,GAGACTTCGCGACCGA-1,10/PIR
-0.6825943291187286,GAGAGCGCAGTCCCTG-1,16/COA
2.98367448647817,GAGAGGGCGCGAGGTT-1,5/HYL
1.120974766711394,GAGATCTGCTTGGCAT-1,5/HYL
-0.33801899353663134,GAGATCTGTCACTCCG-1,13/DG
1.915899356206258,GAGATCTTCCATGACA-1,2/fxs
1.539105181892713,GAGATGACAATCCTTA-1,3/II_III_IV
1.7601086298624673,GAGATGGGAGTCGACA-1,6/V_VIa_VIb
-0.7929599583148956,GAGCACCTGTGTCCAG-1,3/II_III_IV
0.25652527809143066,GAGCATCAACAACTTG-1,11/I
1.3181039492289224,GAGCATCATCCCTGGG-1,12/Parafascicular nucleus
2.4058097799619036,GAGCCAGCTACCTGTG-1,3/II_III_IV
1.6286929125587146,GAGCCGAGCGTTTATT-1,8/RSP
-0.5932382543881735,GAGCGAGGGAGTACCG-1,1/MB
1.2639998892943065,GAGCGCGCACGAGTAG-1,3/II_III_IV
2.1792584359645844,GAGCGCTGTTAGGTAA-1,0/CTXsp
-0.51357984294494,GAGCTAAGGGCATATC-1,13/DG
2.43136649330457,GAGCTCTCGGACCTAA-1,4/TH
-1.0742619633674622,GAGCTGTCGTCTCGGA-1,6/V_VIa_VIb
2.383673032124837,GAGGAATGGAGAGGTT-1,5/HYL
2.187064506113529,GAGGAGATCCTCATGC-1,1/MB
-0.3054145574569702,GAGGATAAACAGTGCT-1,11/I
1.1922445197900136,GAGGCATTTGCAGCAG-1,8/RSP
-0.4559802934527397,GAGGCCCGACTCCGCA-1,0/CTXsp
2.834636668364207,GAGGCTATCAAAGTCG-1,2/fxs
0.15865063667297363,GAGGGAGTCAGATCGC-1,11/I
3.3147597412268324,GAGGGCATCGCGTATC-1,1/MB
1.4396784007549286,GAGGGCCATAATATTA-1,3/II_III_IV
-4.50673896074295,GAGGGCGCAGCTCTGC-1,7/CA1
1.4683977166811624,GAGGGTAGTAACAAAG-1,0/CTXsp
-0.16713415458798409,GAGGTACATCCATCTT-1,1/MB
-1.3203941583633423,GAGGTCCCAAAGATCT-1,5/HYL
0.7560058931509654,GAGTAAGGCCACGGGA-1,0/CTXsp
0.2298746754725774,GAGTACGGGTATACAA-1,12/Parafascicular nucleus
1.4179770027597745,GAGTAGATACTAGTTG-1,3/II_III_IV
1.759081959724426,GAGTATGCCCGCCTTG-1,2/fxs
-0.3964501818021139,GAGTCAGACCAGAATC-1,10/PIR
-0.1994057148694992,GAGTCCGCTTACCGGA-1,9/CA3
0.9066888093948364,GAGTCGACAGACCCTC-1,0/CTXsp
1.5334791585803034,GAGTCTTGTAAAGGAC-1,0/CTXsp
-0.32717858999967575,GAGTGTGCGGTACCCA-1,6/V_VIa_VIb
0.6289850672086081,GAGTTGATGGCAATTT-1,0/CTXsp
-1.007354773581028,GATAAATCGGTGGATG-1,12/Parafascicular nucleus
0.6865640481313069,GATAACTCGCACTGTG-1,2/fxs
-0.6062428057193756,GATAAGGCAGATGCAA-1,1/MB
-0.03277323643366503,GATACGATGGGAGTCA-1,2/fxs
3.244124561548233,GATAGCGTACCACGCG-1,1/MB
-4.356517672538757,GATAGGTAACGTTGAC-1,9/CA3
0.6863922066986561,GATATCAAGCAGGAGC-1,0/CTXsp
1.2258624657988548,GATATCAGTATGTATC-1,1/MB
0.7779547466586033,GATATCTCATGCAATA-1,1/MB
0.3155112452805042,GATATGAGACACTAAC-1,7/CA1
0.24818650881449378,GATATGCGGTAGCCAA-1,7/CA1
3.5834401448567705,GATATGGATTACGCGG-1,5/HYL
1.3783080788950124,GATATTGAGATTGGCG-1,6/V_VIa_VIb
0.8460369110107422,GATATTTCCTACATGG-1,7/CA1
2.5994070867697396,GATCAACATAAAGGGA-1,0/CTXsp
2.2805564155181246,GATCATTCCAAACATT-1,4/TH
-0.13354718685150146,GATCCCTTTATACTGC-1,4/TH
2.1186151405175524,GATCCGGGAATTAACA-1,9/CA3
1.7610789462924004,GATCCTAAATCGGGAC-1,7/CA1
0.15969210863113403,GATCCTCGACACTGGC-1,0/CTXsp
-0.4099368155002594,GATCGACACTATCTGA-1,4/TH
3.1385634342829385,GATCGCGGGCTCTCCA-1,5/HYL
-1.5185872713724773,GATCGCTACCCGATTT-1,3/II_III_IV
2.2786290049552917,GATCGCTATATCTCAG-1,0/CTXsp
0.506575345993042,GATCGGATAGAACCAT-1,0/CTXsp
0.5627690578500429,GATCGGCGATAAGTCG-1,1/MB
1.552971253792445,GATCGGTGGCCATAAC-1,4/TH
-0.1655719677607217,GATCGTGACTGATATC-1,9/CA3
-0.1171049177646637,GATCTAACCGTATTCA-1,0/CTXsp
1.2750442946950595,GATCTGCTATCTAAGG-1,3/II_III_IV
3.3812076052029925,GATCTTCATTGTCCTC-1,1/MB
-0.2574939231077831,GATCTTGGAGGGCATA-1,9/CA3
0.04785207162300742,GATCTTTGCAGGGTAT-1,5/HYL
0.8339157799879708,GATCTTTGCTCAAAGA-1,3/II_III_IV
0.6126790841420491,GATGACAAGTAGGGCA-1,0/CTXsp
-0.2744176387786865,GATGACGATGATCGCG-1,6/V_VIa_VIb
1.9921931475400922,GATGCCAGCAGAAGGC-1,1/MB
-0.6107724627945572,GATGCCTTCTGCGGCA-1,0/CTXsp
5.193024158477783,GATGCGAATGGTATTA-1,2/fxs
2.343910736342271,GATGCGTCCTGCATTC-1,4/TH
2.14018436272939,GATGCTACAAGCGCCT-1,12/Parafascicular nucleus
-0.21552012860774994,GATGCTGTATTTCATC-1,9/CA3
2.5149501860141754,GATGGCGCACACATTA-1,1/MB
3.95855979124705,GATGGTGCCCTAGGCA-1,15/VL
1.1545013586680093,GATGTAACGAACCACC-1,0/CTXsp
1.993673026561737,GATGTTCAATCCACGA-1,2/fxs
-0.6944820036490759,GATGTTTGTGCGAGAT-1,5/HYL
0.9438402354717255,GATTACTGAATTTGGG-1,2/fxs
-0.19556607119739056,GATTCCCTTGTCGCAG-1,4/TH
2.077889323234558,GATTCCGCGTTTCCGT-1,2/fxs
0.01199290156364441,GATTCCTATACGGCGC-1,5/HYL
-1.3256694674491882,GATTCGACGGTTCACG-1,9/CA3
-0.6618362724781036,GATTGCTCCAGTTGCA-1,11/I
2.974781036376953,GCAAACCCTACATTAT-1,6/V_VIa_VIb
1.095180700222651,GCAAACCTTGGCCATA-1,3/II_III_IV
-2.654936507344246,GCAAATATTACGCTTT-1,5/HYL
-0.8400817960500717,GCAAATGAGGACACTT-1,0/CTXsp
-0.18507411082585656,GCAACACACTAGAACT-1,0/CTXsp
-2.365437150001526,GCAACAGCAGTATGCG-1,11/I
-2.547992467880249,GCAACCACCAGACCGG-1,2/fxs
4.414660692214966,GCAACCACGGCCGCGT-1,15/VL
0.4556732177734375,GCAACCCAAGTTGTTT-1,16/COA
2.2119881853461267,GCAAGAATTCCTTGGC-1,15/VL
0.18114729722340916,GCAAGATGTGTTCGCG-1,8/RSP
1.1445003300905228,GCAAGCTGGAAACCGC-1,0/CTXsp
-1.562774896621704,GCAAGTGCACAGAGAA-1,4/TH
-0.27922665141522884,GCACAACCTCGGGCGT-1,11/I
-0.7941534221172333,GCACAAGTGGATCATA-1,1/MB
6.672119498252869,GCACAAGTGTCGGAAG-1,1/MB
3.2164289951324463,GCACACGCCCATGGTC-1,0/CTXsp
2.322145829598109,GCACGCCTACTTAGAT-1,10/PIR
3.286615570386251,GCACTAGTCGCGCTAT-1,12/Parafascicular nucleus
0.7259715646505356,GCACTGTGCAAATGTA-1,1/MB
1.205223133166631,GCAGACCCAGCACGTA-1,8/RSP
0.4976870516935984,GCAGATCCATAAGACT-1,3/II_III_IV
1.2774113863706589,GCAGATCCTCGCAAAT-1,1/MB
-1.2566287517547607,GCAGATTAGGGATATC-1,4/TH
-1.1861166059970856,GCAGCACACAGCCCAG-1,5/HYL
1.9826949164271355,GCAGCCTATATCACAT-1,3/II_III_IV
0.4641982714335122,GCAGCTATGGACAGGT-1,8/RSP
0.3465507219855984,GCAGGAACTTAGATCT-1,0/CTXsp
0.42952531576156616,GCAGGACTATAGAATA-1,5/HYL
0.5102089742819468,GCAGGTAGAGTATGGT-1,2/fxs
0.42628562450408936,GCATACGAGGTCTTTA-1,0/CTXsp
3.1602929830551147,GCATAGAGCACTCAGG-1,4/TH
-1.075813243786494,GCATCCCTAACTTTGA-1,12/Parafascicular nucleus
0.667532573143641,GCATGAGGGACGCGGC-1,7/CA1
1.5531237224737802,GCATGGGTACTGACGC-1,0/CTXsp
1.6514703333377836,GCATTCAAGGCAACGC-1,8/RSP
0.3196953535079956,GCATTCGAAATGAACA-1,2/fxs
-0.9069909621030092,GCATTGACTTGCGGAA-1,0/CTXsp
1.7915420283873877,GCATTTCCAAGGCTCC-1,3/II_III_IV
1.4843346575895944,GCCAACCATTTCCGGA-1,6/V_VIa_VIb
2.278633963316679,GCCAAGAATACTTCTG-1,0/CTXsp
-1.1205630699793498,GCCAATAGGGCATCTC-1,2/fxs
-0.3977333201716344,GCCAGGAGTAACCGAT-1,7/CA1
-0.3670058250427246,GCCAGGCGTTCGCATG-1,2/fxs
2.886104851961136,GCCAGGCTTAGTGGTA-1,1/MB
0.3293678363164265,GCCATATTGCACACAG-1,7/CA1
-0.983610138297081,GCCATCGAGCTGCGTG-1,10/PIR
1.1721839706103006,GCCATCGATGCTGCAT-1,3/II_III_IV
1.447426438331604,GCCATTAGCCTCAAAC-1,0/CTXsp
2.446866512298584,GCCCACCAAGGCTGTC-1,12/Parafascicular nucleus
0.14293231566747028,GCCCAGTTGGTATGCC-1,4/TH
-1.057731419801712,GCCCGACTTCTTCCCG-1,0/CTXsp
2.461338018377622,GCCCGATCTGTGGTCG-1,6/V_VIa_VIb
1.1751489837964375,GCCCGCGCGTAAACGG-1,0/CTXsp
0.2153674165407815,GCCCGCGCGTTTGACA-1,12/Parafascicular nucleus
1.3452033201853433,GCCCGTAATACCTTCT-1,13/DG
-1.2457998394966125,GCCCTAGCCGTCGCGA-1,0/CTXsp
-0.21530165026585263,GCCGAAATTCCTACGT-1,5/HYL
0.06543744603792823,GCCGACCCACGACTGC-1,0/CTXsp
-0.5962625369429588,GCCGATTGGCCAAGCT-1,9/CA3
4.006017851829529,GCCGCATTAGTCCGGC-1,1/MB
2.3067237933476763,GCCGCTTGTGAGAAAC-1,5/HYL
1.2455230951309204,GCCGGGTTAGGGTCGC-1,9/CA3
-0.21589946746826172,GCCGTGGAAGAAATGT-1,11/I
2.00224353497227,GCCTAGCGATCTGACC-1,12/Parafascicular nucleus
1.3066390057404835,GCCTATAGTGTCAGGG-1,7/CA1
1.2330477039019265,GCCTATGCTGGGCCTT-1,8/RSP
2.179487516482671,GCCTATTCCGATATAG-1,5/HYL
2.2465986162424088,GCCTCATCTGGAAATA-1,6/V_VIa_VIb
-0.8822455331683159,GCCTCTATACATAGCA-1,3/II_III_IV
0.5939957499504089,GCCTTCAGCCCTACCG-1,12/Parafascicular nucleus
1.0983813802401223,GCCTTGTATATGCAGT-1,5/HYL
0.5947611729303997,GCGAAACTTAACTGGA-1,6/V_VIa_VIb
0.17183393736680347,GCGAAGCCATACCCGT-1,4/TH
0.8524501820405324,GCGACATGTAAACATC-1,3/II_III_IV
0.0673322081565857,GCGACCCAACCATCTG-1,10/PIR
0.4725873150552312,GCGACGATAGTTGTAC-1,9/CA3
2.7214797735214233,GCGAGAAACGGGAGTT-1,1/MB
2.701937288045883,GCGAGAGGCCATGTAA-1,8/RSP
3.158904790878296,GCGAGAGTTGCGTCCA-1,8/RSP
2.599226077397664,GCGAGCGCATGCTCCC-1,3/II_III_IV
0.24237348635991407,GCGAGGCCCGAGCAGA-1,5/HYL
0.686305264631907,GCGAGTTCTGCAAAGA-1,4/TH
1.4345463514328003,GCGATGTCTGTGCTTG-1,1/MB
4.032840669155121,GCGATTCTGGAAGCAG-1,15/VL
1.8403668403625488,GCGATTGTTAACGTTA-1,7/CA1
1.7750894874334333,GCGCAAATATATTCAA-1,0/CTXsp
-1.2124944925308228,GCGCAAGAGCGCGCTG-1,8/RSP
-0.18858635922273004,GCGCATCCAGTCAGCA-1,14/CA1-pyramidal layer of the hippocampus
0.4167606234550476,GCGCCGTTCCACGATA-1,9/CA3
2.3207201659679413,GCGCGTCATTGGTACA-1,3/II_III_IV
-0.11907716592152906,GCGCTAATTGAATAGA-1,9/CA3
2.004268368085225,GCGCTATGCCGAGGCA-1,2/fxs
0.5866629580656687,GCGCTGATCCAGACTC-1,7/CA1
1.1945926373203595,GCGCTGCTTTGCATTT-1,7/CA1
2.604657471179962,GCGGACCGCGTTGTGG-1,0/CTXsp
1.9422225753466287,GCGGAGAAACTTCGCA-1,10/PIR
2.9588439365228014,GCGGAGAGGGAGAACG-1,2/fxs
-0.6164714048306148,GCGGCAAAGTATTGCC-1,0/CTXsp
0.4710842867692311,GCGGCTCTGACGTACC-1,5/HYL
0.18446152408917738,GCGGGAACCAGGCCCT-1,12/Parafascicular nucleus
3.370348652203878,GCGGGCATTACGATGC-1,3/II_III_IV
2.201440783838431,GCGGGCGAGCCTTACC-1,10/PIR
0.14865615963935852,GCGGTCCCGGTGAAGG-1,8/RSP
4.343287150065104,GCGGTCCCTAGACGCA-1,2/fxs
-0.5197000503540039,GCGGTGAACTGCGCTC-1,7/CA1
2.564030945301056,GCGGTGCGGAGCATCG-1,1/MB
-4.313838720321655,GCGGTTCCCTATCATG-1,9/CA3
0.5657245169083277,GCGTAAATGGCCATAA-1,6/V_VIa_VIb
-3.5212197303771973,GCGTCCCTAAGACATA-1,11/I
0.6314493815104165,GCGTCGAAATGTCGGT-1,5/HYL
2.536682665348053,GCGTCGCCAGGGTGAT-1,6/V_VIa_VIb
1.2626890043417611,GCGTCTCTGCATTGGG-1,5/HYL
0.49940129121144605,GCGTGGTACTGGGTTA-1,1/MB
2.719876031080882,GCGTTATATTTGGAAC-1,2/fxs
-1.3675572474797566,GCGTTCGGAGACCGGG-1,2/fxs
-1.9721152782440186,GCTAAACCTGAGGTGA-1,5/HYL
3.401814709107081,GCTAAGTAAAGGCGAT-1,2/fxs
-0.3310731053352356,GCTAAGTAGTTTCTCT-1,7/CA1
0.89603457848231,GCTAATACCGAATGCC-1,4/TH
0.13094801704088832,GCTACAGTACGGACCG-1,0/CTXsp
-0.9790956974029541,GCTACGACTTATTGGG-1,9/CA3
0.639428416887919,GCTACTATAGTAGAGT-1,3/II_III_IV
-0.128532275557518,GCTAGACCGTCTACTG-1,3/II_III_IV
-0.863044947385788,GCTAGCAGGGAGTGGG-1,6/V_VIa_VIb
0.838660478591919,GCTAGCTTGAATAGCT-1,2/fxs
2.084405581156413,GCTAGGCACCACGGAG-1,3/II_III_IV
1.8068841298421223,GCTAGTAGAGCTTGTA-1,9/CA3
-1.6732622981071472,GCTAGTTTCATTGAGG-1,4/TH
-1.5206800401210785,GCTATACGTCTCGGAC-1,3/II_III_IV
1.0187498529752097,GCTATCATACTCATGG-1,3/II_III_IV
-0.16168766313542926,GCTATCGCGGCGCAAC-1,5/HYL
2.4200606644153595,GCTATGCCAGCTTATG-1,0/CTXsp
-0.08984975020090724,GCTCAACCTCTTAGAG-1,5/HYL
-2.409506658713023,GCTCAATCCGTTTATT-1,0/CTXsp
1.4969441841046014,GCTCAATGTAATACCG-1,3/II_III_IV
0.8033347030480702,GCTCATTACTGCATGT-1,2/fxs
2.159286896387736,GCTCCCAGTCGGTCCA-1,3/II_III_IV
1.1454850435256958,GCTCCGCTCGCTTCAG-1,11/I
-1.9836099743843079,GCTCCTGACATACTGG-1,10/PIR
0.32205144315958023,GCTCGCGGTTCCGCTC-1,1/MB
-1.1299306154251099,GCTCGCTCATGTCCAA-1,6/V_VIa_VIb
-1.9405550956726074,GCTCGGAATTTAAAGC-1,7/CA1
3.4384772578875227,GCTCTAAACCCTGACG-1,4/TH
1.4576487615704536,GCTCTATGTTACGTGC-1,4/TH
3.1308825612068176,GCTCTCGGGTACCGAA-1,4/TH
-0.7629572786390781,GCTCTTTCCGCTAGTG-1,11/I
1.817795137564341,GCTGAATCTTCCAATC-1,0/CTXsp
2.7802763879299164,GCTGAGCAACGGTTCT-1,1/MB
-1.359654925763607,GCTGAGGCGTGAGTAT-1,9/CA3
-0.32415511210759484,GCTGCACGGTTTCTTA-1,9/CA3
1.9493616640567781,GCTGCGCCTCCCACGT-1,1/MB
0.416415552298228,GCTGCTAAGTAGTCGA-1,10/PIR
-2.5686690267175436,GCTGCTACTGCGTAGC-1,6/V_VIa_VIb
1.4233234475056329,GCTGCTCTCCGGACAC-1,4/TH
-0.6531233191490173,GCTGGACCCAAAGTGG-1,8/RSP
-2.547992467880249,GCTGGCAGGTGCCGTG-1,11/I
-0.6329723596572876,GCTGGCATATTCACCT-1,5/HYL
0.5235207875569663,GCTGGCGGCGCATGCT-1,6/V_VIa_VIb
4.267804046471914,GCTGGTGACTCGTAGT-1,8/RSP
2.4103105068206787,GCTGGTTTAGGCCATA-1,11/I
1.778403103351593,GCTGTATTACTGGCCC-1,15/VL
1.127377450466156,GCTGTTGCTACCGAAC-1,6/V_VIa_VIb
-1.1526110867659252,GCTTAATGTAACTAAC-1,2/fxs
2.1577317913373313,GCTTACGTAGTTAGTA-1,3/II_III_IV
-0.1137872114777565,GCTTAGGGAAGCGGTA-1,8/RSP
-0.3163905516266823,GCTTATGAAGCAGGAA-1,14/CA1-pyramidal layer of the hippocampus
0.05263233184814453,GCTTCCAGCTTAGATT-1,1/MB
1.4835578848918276,GCTTCCGTCCCTAGAC-1,13/DG
-0.7582192420959473,GCTTGATGATAATCAG-1,4/TH
2.0698328018188477,GCTTGCAGCACAATTG-1,8/RSP
-1.0394750088453293,GCTTGGATCGATTAGG-1,7/CA1
1.1111490726470947,GCTTTCAGAGGAGGTG-1,7/CA1
1.389572580655416,GGAAACCTTGTTGAAT-1,6/V_VIa_VIb
0.3841498692830403,GGAAAGTGCCCATGCC-1,14/CA1-pyramidal layer of the hippocampus
1.5572600911060968,GGAACCCGAACAAGAA-1,1/MB
-4.321247935295105,GGAACCGTGTAAATTG-1,2/fxs
-1.1472817659378052,GGAACCTTGACTCTGC-1,0/CTXsp
1.121071139971415,GGAACGGCCTGCAGCC-1,5/HYL
-0.6791685819625854,GGAAGCTCGCTTACAG-1,2/fxs
1.2965832153956094,GGAATGCGCTAGCGTG-1,7/CA1
1.6014364929869773,GGACAAGTTGCAGTGA-1,16/COA
4.198025385538737,GGACCAACAGGATAAC-1,6/V_VIa_VIb
1.9201738213499389,GGACCTACGGTAACGT-1,6/V_VIa_VIb
0.250313937664032,GGACCTCTAGGCCGCC-1,0/CTXsp
-0.5501401424407959,GGACGTCCATAGTTGG-1,8/RSP
0.7269396148622036,GGACTAAGTCAGGAGT-1,16/COA
0.00011438131332397461,GGACTCGTGAGTGGTC-1,11/I
-0.7385188788175583,GGAGAAGTCATTGGCA-1,4/TH
3.2073916395505266,GGAGACCAATGTGCTT-1,3/II_III_IV
0.2581279004613558,GGAGACCATCTACATA-1,0/CTXsp
-0.3506466796000799,GGAGACGACACCTTTG-1,9/CA3
0.35359281301498413,GGAGCACCAAGAACTA-1,13/DG
-0.14341334998607635,GGAGGGCTTGGTTGGC-1,13/DG
3.5885996110737324,GGAGTACACATGAGCT-1,1/MB
0.3087048878272374,GGAGTGCCGCCCTGGA-1,12/Parafascicular nucleus
-0.4193721115589142,GGATACTCATGAATTG-1,1/MB
2.6135156363248826,GGATCAGAGCCATCAG-1,0/CTXsp
-0.8949599663416545,GGATCATCCCGTACGC-1,2/fxs
1.7781322002410889,GGATCCCTACCAGCTA-1,1/MB
0.1772823234399159,GGATCCGGAATATACT-1,7/CA1
0.0,GGATCTTACTGCCCTT-1,11/I
2.2768790920575457,GGATCTTGACTCAACC-1,0/CTXsp
0.16880084077517188,GGATGAAGATCGCTGA-1,6/V_VIa_VIb
-0.748840719461441,GGATGACGCGAGTTTA-1,5/HYL
2.154306838909785,GGATGTCCTTACCGCA-1,14/CA1-pyramidal layer of the hippocampus
-0.9316438635190329,GGATTCAGTACGGTGG-1,4/TH
2.664778014024099,GGATTCCGCTATACCC-1,7/CA1
1.9820623969038327,GGATTTCACTTCTATA-1,7/CA1
0.8586089381327232,GGCAAAGGCGCCAATA-1,10/PIR
2.7203332781791687,GGCAAATTACTTTACT-1,2/fxs
1.66814777146404,GGCAAGCCAGGGATAG-1,3/II_III_IV
0.4661565373341242,GGCAAGGCGAAATAGC-1,9/CA3
-6.286578416824341,GGCAATAGTCAATGAG-1,4/TH
-2.0091232756773634,GGCACTCCACTGGGCA-1,2/fxs
0.9126183949410915,GGCAGAGAGATCGGGA-1,16/COA
-1.7414076924324036,GGCAGCGGTAATCCTA-1,8/RSP
-0.06706478198369348,GGCATACAGGTAGCGG-1,5/HYL
-4.708535850048065,GGCATATCGGTTCTGC-1,7/CA1
0.8489900032679238,GGCCACACGAAAGCCT-1,1/MB
2.6848800778388977,GGCCCAGTTATCAGCA-1,8/RSP
0.4549735883871714,GGCCCGTATACCATGC-1,3/II_III_IV
4.301674962043762,GGCCCTCACCCACTTA-1,2/fxs
-1.8522869348526,GGCCGAGACTCTGGTG-1,0/CTXsp
-0.4758925825978319,GGCCGTTTGGGTTTCA-1,10/PIR
-0.8314382284879684,GGCCTTTGCAACTGGC-1,16/COA
1.5125649745265641,GGCGAAATCTAACTTG-1,6/V_VIa_VIb
-0.06686897079149884,GGCGAGCGAAACGGCA-1,0/CTXsp
2.2556498150030775,GGCGCAGGACATCTTC-1,2/fxs
-2.4448068141937256,GGCGCATGAATTGATG-1,9/CA3
-0.6475331087907156,GGCGCGTTCGAGTTTA-1,9/CA3
1.533766190210978,GGCGCTCCTCATCAAT-1,5/HYL
-0.09648191928863525,GGCGGAGTAATATTAG-1,4/TH
1.667123774687449,GGCGGTAGGATCATTG-1,4/TH
-0.5411036809285483,GGCGGTTTGCCGGTGC-1,1/MB
-3.5471205711364746,GGCGTCCTATCCGCTG-1,5/HYL
-4.013053089380264,GGCTAAAGGGCGGGTC-1,2/fxs
-0.5284249782562256,GGCTAATGATTGAAAT-1,8/RSP
1.874573439359665,GGCTACTATACACTCC-1,11/I
0.8649787306785583,GGCTATTAAGTTGTAT-1,5/HYL
1.7135169506072998,GGCTCCTCCACCTGTT-1,10/PIR
-0.7506261467933655,GGCTCGCGTTGAGGTA-1,7/CA1
0.3574593818436066,GGCTCGTGCCACCAGC-1,4/TH
-1.0126556158065796,GGCTCTGCTCCAACGC-1,4/TH
3.2898202935854597,GGCTGAAATAGCAAAG-1,6/V_VIa_VIb
1.7707875669002533,GGCTGAGCATCGTAAG-1,8/RSP
3.6884439984957376,GGCTGGCTAGCTTAAA-1,1/MB
0.9373209507515033,GGCTTGGCTCTCACCT-1,5/HYL
2.003145292401314,GGCTTTCAATAAGGGT-1,3/II_III_IV
-1.5129057963689168,GGGAACGGGAGGTTAG-1,2/fxs
-4.107524394989014,GGGAACGGTTTCAGAT-1,11/I
0.8365503152211506,GGGAATGAGCCCTCAC-1,6/V_VIa_VIb
1.2789855698744454,GGGAATTCTGTCCAGT-1,16/COA
1.7985805968443553,GGGACAGAGTTACTCC-1,0/CTXsp
-0.7550429105758667,GGGACCCGTATATCTT-1,10/PIR
0.3568605581919352,GGGACTGCATAGATAG-1,4/TH
-0.9431634744008384,GGGAGAACTCACAGTA-1,4/TH
-2.7996176183223724,GGGAGGATGCCCGAAA-1,5/HYL
2.9566280841827393,GGGAGTAATGGCTGGC-1,1/MB
-0.6866470873355865,GGGAGTTAATGAGGCG-1,9/CA3
3.6528337001800537,GGGATACGGTAATAAT-1,1/MB
1.664164025336504,GGGATCCCAATACAAA-1,8/RSP
1.349130849043528,GGGATGGTCGTAACCG-1,2/fxs
-0.0662187536557517,GGGATTTACCGCACCT-1,6/V_VIa_VIb
0.49078115820884705,GGGCAACCGCACGTGC-1,0/CTXsp
0.1552884459495545,GGGCACGAATTGGCCG-1,16/COA
1.1234126091003418,GGGCAGACGTCACTGC-1,0/CTXsp
-1.0825443168481192,GGGCAGAGCAATCGTT-1,6/V_VIa_VIb
-0.3491167426109314,GGGCCCGTCTTAAACA-1,9/CA3
0.8149669170379639,GGGCCCTACGAAAGGG-1,1/MB
-3.1498292684555054,GGGCCCTTATCTATAC-1,16/COA
-2.547992467880249,GGGCCGGCCGAAGTAC-1,7/CA1
-0.4971307963132858,GGGCCTAAATGGGCTA-1,0/CTXsp
1.0722900430361428,GGGCCTATTTAAGTAT-1,8/RSP
1.7059600253899894,GGGCGAATTTCTCCAC-1,1/MB
-0.07549198468526208,GGGCGATATGTGTGAA-1,4/TH
-2.8062167565027876,GGGCGGCAAATGAATT-1,2/fxs
0.6227424144744873,GGGCGGTCCTATTGTC-1,1/MB
-0.6462223331133525,GGGCGTACATTTATAT-1,4/TH
0.4002564549446106,GGGCGTCACCACGTAA-1,9/CA3
1.3656867432097592,GGGCGTCCACTGGCTC-1,14/CA1-pyramidal layer of the hippocampus
1.186047206322352,GGGCTACTATTTCGTG-1,0/CTXsp
-1.2865884900093079,GGGCTATGATCGATGG-1,10/PIR
0.5754160284996033,GGGCTCATCGAACCCA-1,7/CA1
-0.14970161517461145,GGGCTGCCTAGGGCGA-1,4/TH
-0.8313555121421814,GGGCTGGTTAGTCGCG-1,4/TH
2.715356702605883,GGGTAATGCTGTGTTT-1,1/MB
0.9337866182128589,GGGTACCCACGGTCCT-1,1/MB
1.59845320135355,GGGTACTTCATGAACT-1,5/HYL
-0.4557158350944519,GGGTATGTATGCACTT-1,5/HYL
1.0665396402279534,GGGTATTCTAGCAAAC-1,0/CTXsp
0.23265963792800903,GGGTCACCGTGACGGT-1,5/HYL
-0.9496471583843231,GGGTCAGGAGCTAGAT-1,11/I
3.195838948090871,GGGTCATGCGTACCAT-1,1/MB
0.9558642953634262,GGGTCGTGGCAAGTGT-1,6/V_VIa_VIb
-1.0823426246643066,GGGTGACACCTTAACT-1,9/CA3
2.012077415982882,GGGTGCATATGAAAGC-1,3/II_III_IV
2.7509413808584213,GGGTGTTTCAGCTATG-1,5/HYL
-1.966256822148959,GGGTTAACATTTGAGT-1,10/PIR
1.0157850186030069,GGGTTCAGACGAACAA-1,1/MB
-1.5496521294116974,GGGTTTAGGATAGGAT-1,3/II_III_IV
4.256760994593302,GGTAAATGTGCGTTAC-1,15/VL
-0.23278059562047326,GGTAACCGGGAGGATA-1,0/CTXsp
1.9828914602597556,GGTAACTATGTATCTG-1,12/Parafascicular nucleus
3.125021994113922,GGTACAAACATGCTAT-1,2/fxs
2.4472145438194275,GGTACACCAGATTTAT-1,3/II_III_IV
0.8448162873586019,GGTACCATTAAGACGG-1,6/V_VIa_VIb
0.21794233719507838,GGTAGAAGACCGCCTG-1,6/V_VIa_VIb
-0.24613505601882935,GGTAGACCGTTGGGCG-1,6/V_VIa_VIb
0.7982997298240662,GGTAGTGCTCGCACCA-1,9/CA3
1.5717326117058597,GGTATAGTGACACATA-1,3/II_III_IV
-0.26637059946854913,GGTATGAAAGAACTGA-1,16/COA
-0.08800615866978967,GGTATTGCCGAGTTTA-1,2/fxs
-1.2457371056079865,GGTCAGTGGGTCCCAC-1,2/fxs
3.079479396343231,GGTCATTGTAGTCATA-1,8/RSP
2.073342657337586,GGTCCTTCATACGACT-1,1/MB
1.4741159106294313,GGTCGGATAAACGGCG-1,14/CA1-pyramidal layer of the hippocampus
2.3888477087020874,GGTCGGCCAGGAGCTT-1,7/CA1
2.0470917945106826,GGTCGGTAATTAGACA-1,12/Parafascicular nucleus
0.5213199555873871,GGTCGGTCGTCCACAG-1,10/PIR
-0.6620965003967285,GGTCGTAAGCTCGCAC-1,0/CTXsp
-1.4131683905919394,GGTCTCTGAATGGACT-1,0/CTXsp
0.26455077032248175,GGTCTGAGAATCTGGA-1,13/DG
0.0,GGTCTTGGTGTTAACT-1,1/MB
3.085098624229431,GGTGAAGTACAGGGAT-1,1/MB
2.3342374364535012,GGTGAGATGCAGATAA-1,12/Parafascicular nucleus
0.8569911817709605,GGTGATAAGGAGCAGT-1,7/CA1
-0.4919148236513138,GGTGATGAAGGAAGTG-1,16/COA
3.2057265639305115,GGTGATTTCATCTTGT-1,1/MB
3.061053474744161,GGTGCAGAGCCTATCG-1,8/RSP
1.9088460008303325,GGTGCGGATAAGTGGC-1,12/Parafascicular nucleus
2.249876528978348,GGTGCTGATCACAAAG-1,5/HYL
-0.9313169717788696,GGTGCTGGTACACATT-1,2/fxs
1.4173433501273394,GGTGGACTGCTCTGGC-1,3/II_III_IV
-2.868761658668518,GGTTAGCTATATGTCT-1,6/V_VIa_VIb
-2.806861241658529,GGTTAGGCTTGGAGAA-1,5/HYL
1.8043077985445657,GGTTAGTTACGGCGCC-1,5/HYL
0.21706467866897583,GGTTCGGATTATACTA-1,0/CTXsp
2.3291145265102386,GGTTCTACTCGTCTGA-1,3/II_III_IV
0.9248034060001373,GGTTGTGCTCTTGTCC-1,1/MB
0.7955872615178425,GGTTGTGTAGCCTGGC-1,0/CTXsp
2.100729505221049,GGTTTAATTACCATCG-1,0/CTXsp
2.1451371237635612,GGTTTAATTGAGCAGG-1,3/II_III_IV
2.716599901517232,GGTTTACAATCTCAAT-1,2/fxs
-0.7874628081917763,GGTTTAGCCTTTCTTG-1,3/II_III_IV
0.28961055974165595,GGTTTCAATCGGTCAG-1,14/CA1-pyramidal layer of the hippocampus
2.6314637263615923,GGTTTGACAAGAAGCT-1,8/RSP
-0.4225892623265586,GGTTTGAGTGCTGGAA-1,12/Parafascicular nucleus
0.7078860799471536,GGTTTGCGAACACGTA-1,3/II_III_IV
2.6527366836865744,GTAACAACTGACCTTG-1,3/II_III_IV
0.4754460255304971,GTAACTTGCGGCAGTC-1,1/MB
-3.504087209701538,GTAAGCGGGCAGTCAG-1,4/TH
2.169867128133774,GTAAGTAACAGTCTGG-1,14/CA1-pyramidal layer of the hippocampus
-6.286578416824341,GTAAGTAGGGTATACC-1,5/HYL
-1.1511819660663605,GTAATAAAGGGCTCCC-1,6/V_VIa_VIb
0.5123023092746735,GTAATCTGATTCTTCG-1,0/CTXsp
-0.10344831148783373,GTACACTTACCTGAAG-1,4/TH
-0.3413125375906627,GTACAGAGGCAAGGGT-1,7/CA1
2.4139855106671653,GTACGACGGCGCTGCG-1,1/MB
2.5128827864925065,GTACGAGATTGCGACA-1,4/TH
-1.3304893970489502,GTACGCTTCATTGCAC-1,2/fxs
0.17715692520141602,GTACGTCACGTATTAA-1,8/RSP
0.2572871719797452,GTACGTTTGCCCGTCA-1,9/CA3
-1.7618850469589233,GTACTAAGATTTGGAG-1,4/TH
4.377763549486796,GTACTCCCTTATCGCT-1,2/fxs
-0.27633597453435266,GTACTCCTGGGTATGC-1,2/fxs
4.323932449022928,GTACTGAGGTCGTAAC-1,12/Parafascicular nucleus
-0.11993873119354248,GTACTGCATGAAGCGT-1,12/Parafascicular nucleus
-1.2454769213994346,GTACTGGAGTTAGACC-1,7/CA1
-1.2926151547580957,GTACTTGGGCACTTCT-1,4/TH
1.513938993215561,GTAGAAACGGGTGGAG-1,1/MB
1.4060790449380876,GTAGACACGCCTGACT-1,11/I
1.600962430704385,GTAGACGTCGTTACAT-1,12/Parafascicular nucleus
0.6194632848103843,GTAGAGGGAGACAAGT-1,0/CTXsp
-6.286578416824341,GTAGCCAAACATGGGA-1,6/V_VIa_VIb
-0.3294270299375057,GTAGCGGCTATACACT-1,9/CA3
-6.286578416824341,GTAGCTCCGGGAGGCT-1,11/I
1.2788807501395543,GTAGCTTCCTCTTGTT-1,7/CA1
2.597828929622968,GTAGGTGATCCGTGTA-1,7/CA1
-0.6789572685956955,GTAGTCGCGGGAATCA-1,6/V_VIa_VIb
0.5011317729949951,GTAGTTCGAAGGCGAA-1,11/I
1.411991000175476,GTATAATCTCCCGGAT-1,1/MB
2.2186626990636187,GTATAGGACTCAGTAG-1,4/TH
1.8743982315063477,GTATCAGCTTGGGTTC-1,4/TH
2.158221922814846,GTATCTCAGTCTTGAC-1,0/CTXsp
-2.0246231531103454,GTATCTTTCATAACCA-1,9/CA3
-3.687623381614685,GTATGAAATTTCACTC-1,10/PIR
-1.2340173522631328,GTATGTGGGTCTAGTT-1,1/MB
-1.6845401922861734,GTATTAAGGCGTCTAA-1,5/HYL
3.11360410451889,GTATTCTGAGAAACGA-1,0/CTXsp
2.1399793128172555,GTCAAAGAAGTGGTGT-1,0/CTXsp
2.7112287084261575,GTCAAAGTTTACATAG-1,1/MB
0.3460386196772257,GTCAAGCGGACTCGGG-1,9/CA3
2.1184129516283674,GTCAATGCTATAATTT-1,3/II_III_IV
5.1670109033584595,GTCACAAAGTTTCCAA-1,1/MB
-0.5491422414779663,GTCACTCTCCAAATCT-1,5/HYL
-1.2955710291862488,GTCAGAATAGTCTATG-1,5/HYL
2.549215833346049,GTCAGACAGCGTTGGA-1,1/MB
-3.7225289344787598,GTCAGTTTGGTAGTCG-1,2/fxs
-1.0806413690249124,GTCATCTCCTACAGCT-1,1/MB
-1.8702779412269592,GTCATGCACCTCCGTT-1,4/TH
2.747842460870743,GTCATGGACATGACTA-1,4/TH
1.4498257388671238,GTCATTAGAGCGAACG-1,9/CA3
-4.0417633056640625,GTCATTGCATTGACCC-1,2/fxs
-1.224790334701538,GTCCAATATTTAGCCT-1,11/I
0.058765461047490364,GTCCATTACTGCTACG-1,3/II_III_IV
-1.0867723375558853,GTCCCAACGTAAAGTA-1,9/CA3
2.6070281863212585,GTCCCAATCATCCCGC-1,0/CTXsp
3.7154857635498044,GTCCCGCGACGTTATG-1,11/I
0.010819504658380996,GTCCGAGAGCAATCAT-1,16/COA
0.7755874296029408,GTCCGGACCTGAAATT-1,3/II_III_IV
-0.3216663797696432,GTCCGGCTGAATTGCG-1,4/TH
2.584233125050863,GTCCTACAGGCGGCTC-1,1/MB
-1.318340559800466,GTCCTACGAATAGTCT-1,3/II_III_IV
2.3502142553528147,GTCCTACTCTACGGGC-1,0/CTXsp
0.44028240442276,GTCCTATTGTTGTGGT-1,16/COA
2.2137991363803544,GTCCTTCTACAACCCA-1,1/MB
2.6410060028235116,GTCCTTCTAGTGGGTT-1,15/VL
-2.4001176357269287,GTCGCCGTTGTGTGTT-1,10/PIR
-1.2942415326833725,GTCGCGTAACCCGTTG-1,9/CA3
-0.6897049397230148,GTCGGAAGGATACCAG-1,8/RSP
-0.8603784044583638,GTCGGATATCTCAGAC-1,5/HYL
1.7639728089173636,GTCGGATGTAGCGCGC-1,7/CA1
1.7467969954013824,GTCGGGAACATGGTAG-1,0/CTXsp
-0.783560261130333,GTCGGGAAGCAGAAAC-1,3/II_III_IV
-0.011676202528178692,GTCGTACCATCTCGGG-1,9/CA3
0.6163123250007629,GTCGTACCTACGATTG-1,16/COA
-0.9697493314743042,GTCGTATTGGCGTACA-1,2/fxs
1.2693078915278115,GTCGTCAATTATAAGG-1,12/Parafascicular nucleus
2.5592044542233148,GTCGTCTGGTTGGCTA-1,11/I
-0.7183540264765422,GTCGTGTCTGGTCATC-1,6/V_VIa_VIb
2.841348568598429,GTCGTTATTCGCTTAT-1,2/fxs
-1.1850046515464783,GTCTACTCAATTACAA-1,0/CTXsp
1.2309560378392537,GTCTATCTGAGTTTCT-1,2/fxs
1.1072776665290196,GTCTATTGGTTCCGGT-1,3/II_III_IV
1.7405856053034463,GTCTCAAGGCCCGGCT-1,3/II_III_IV
0.20871648788452157,GTCTCCTGCCAGTATG-1,11/I
2.1209840873877206,GTCTCGACTAAGTTTG-1,8/RSP
2.4411582946777344,GTCTCGATCTGCTTTC-1,13/DG
-0.44539705912272143,GTCTGGGCGGTCGAGA-1,2/fxs
3.445366909106572,GTCTTAGTACAGCCGG-1,15/VL
1.3459239105383554,GTCTTCCTCACCTAAG-1,16/COA
0.5521895885467529,GTCTTGAGGAGCAGTG-1,11/I
1.6548182666301725,GTGAAACGGCGCCACC-1,7/CA1
2.0505432933568954,GTGAAACGTGCTCCAC-1,1/MB
0.7519020040829976,GTGAACTCCCATTCGA-1,6/V_VIa_VIb
-2.547992467880249,GTGAAGATTTCAAGTG-1,2/fxs
0.14014899730682373,GTGAAGCCGTATAGTC-1,6/V_VIa_VIb
0.21277267734209682,GTGAAGTCACGACTCG-1,0/CTXsp
2.900580671926339,GTGACCGCACACTACG-1,2/fxs
2.317991236845652,GTGACGAGGGTGACCC-1,3/II_III_IV
0.27900533874829603,GTGACTTCAGTAGTGC-1,9/CA3
-0.5835016965866089,GTGAGCGTGCTGCACT-1,2/fxs
-4.909329533576965,GTGAGGACACTTAAGG-1,7/CA1
0.8860046068827311,GTGAGGAGCGGTTGAG-1,2/fxs
1.9076622823874154,GTGAGTCTAAGACGGA-1,1/MB
-1.6288236379623413,GTGAGTGGTACAACGC-1,2/fxs
0.8554809788862863,GTGATCACTAACGCCT-1,3/II_III_IV
-0.5179411768913269,GTGATCATAGATCTGC-1,9/CA3
0.9202690919240317,GTGATGCACAACATCT-1,8/RSP
-0.37607344090938566,GTGATTCGCCGCTCAA-1,1/MB
2.8146455089251203,GTGCAACAAATGTGGC-1,1/MB
2.8417340914408364,GTGCACGAAAGTGACT-1,5/HYL
4.048468232154846,GTGCCATCACACGGTG-1,15/VL
-0.5016536861658096,GTGCCCGTTCGGATTC-1,14/CA1-pyramidal layer of the hippocampus
-1.9346233208974204,GTGCCGCTTCAAAGGT-1,2/fxs
1.6421607434749603,GTGCCTAGCTATGCTT-1,1/MB
1.8535424570242562,GTGCCTCAGTGTACGG-1,8/RSP
0.6552480354905128,GTGCGAAATCGAACAC-1,2/fxs
3.3183242877324424,GTGCGACAGGGAGTGT-1,6/V_VIa_VIb
-1.4950101375579834,GTGCGGGTCTCCAAAT-1,4/TH
1.3811942239602406,GTGCGTGTATATGAGC-1,7/CA1
-2.213876247406006,GTGCTCAAGTACTGTC-1,2/fxs
2.398179769515991,GTGCTGCAGATAAGGA-1,16/COA
0.37710766680538654,GTGGAACCTACATGCG-1,7/CA1
-1.4908577178915343,GTGGACGCATTTGTCC-1,6/V_VIa_VIb
-0.6033143550157547,GTGGACGTGCTGAGAC-1,12/Parafascicular nucleus
3.0967588226000466,GTGGAGCGTTTACCGA-1,0/CTXsp
1.4896304458379745,GTGGAGTCGGCGGTTG-1,10/PIR
2.5809783736864724,GTGGCAAACAGCGGCA-1,0/CTXsp
0.7077162995934486,GTGGCCTAATATCATT-1,16/COA
0.8947198980798323,GTGGGAAGACTGAATC-1,0/CTXsp
-3.4619128108024597,GTGGGCTTAGACACAC-1,5/HYL
1.960227519273758,GTGGGTACTGAGCGTA-1,0/CTXsp
-1.2658929626146953,GTGGTATAGTCTGCCG-1,10/PIR
0.9532465835412345,GTGGTGGCCAAGTGAA-1,2/fxs
0.8944287449121475,GTGGTTACTTCTTTCG-1,6/V_VIa_VIb
4.310023089249929,GTGGTTTCCGCCTTTC-1,15/VL
-0.4648580929885308,GTGTACCTTGGCTACG-1,13/DG
-0.9559053778648376,GTGTATATCAGCGGGC-1,3/II_III_IV
2.657588039835294,GTGTCGTATAGCGTTC-1,6/V_VIa_VIb
3.9994918346405033,GTGTCGTATTCACCTT-1,8/RSP
0.7903743783632913,GTGTGAATAACTTAGG-1,7/CA1
3.5886690815289817,GTGTGTCGACGTCGCT-1,1/MB
-1.3288389146327972,GTGTTACTATGCGTCC-1,9/CA3
0.38329019149144483,GTTAAAGTAGGACTGG-1,6/V_VIa_VIb
-1.1662066280841827,GTTAACATCACTTAAA-1,3/II_III_IV
1.7277150228619576,GTTAACTATGTTGTCA-1,11/I
0.1239182402690252,GTTAAGGGTGCGATGT-1,3/II_III_IV
2.322922170162201,GTTAAGTTAGAGTGGG-1,3/II_III_IV
-1.828571081161499,GTTAATGTCTATCTTA-1,2/fxs
-2.041163682937622,GTTACAATTGGTGACG-1,2/fxs
0.3424409826596577,GTTACCTACAACTTGC-1,9/CA3
3.284509738286336,GTTACTTTGGGCCTAG-1,9/CA3
1.482972333828608,GTTAGCCGTAAATCAA-1,8/RSP
1.0058805147806802,GTTAGGCTACCCGTTT-1,0/CTXsp
1.715965578953425,GTTATATCAGGAGCCA-1,8/RSP
-2.3657151460647583,GTTATATTATCTCCCT-1,9/CA3
-0.04935787618160248,GTTATTAACGTGGGAG-1,1/MB
-0.9237727583386004,GTTCAAATCAGATGTC-1,1/MB
1.157830317815145,GTTCACAGGAGTCTAG-1,5/HYL
0.2275243798891703,GTTCATCGTTTGGCTG-1,6/V_VIa_VIb
-2.2089938521385193,GTTCCAGTCTGACCAT-1,12/Parafascicular nucleus
1.1195258001486459,GTTCGCCATAAGTGCC-1,5/HYL
-2.0243106484413147,GTTCGGATCGGGAACA-1,11/I
2.892247805992762,GTTCGGGCGTACCATT-1,8/RSP
-4.624915361404419,GTTCGTCTAAAGAACT-1,3/II_III_IV
-0.05079019069671631,GTTCGTCTGGGTCCCT-1,3/II_III_IV
2.6252913773059845,GTTCTTCCCTCGATGT-1,12/Parafascicular nucleus
-0.9503265768289566,GTTGAACCGGTTCCAT-1,2/fxs
-0.4114295244216919,GTTGAGTCCCGCCGGT-1,8/RSP
0.9864752193291983,GTTGCACGGAGTTTCG-1,4/TH
2.906924029191335,GTTGGACCGCATCAGG-1,8/RSP
-0.9494949181874595,GTTGGATTCAGTGGCT-1,2/fxs
-1.5389805436134338,GTTGGATTGAGAACAC-1,7/CA1
-0.1992666969696681,GTTGGATTTGCGTTGG-1,5/HYL
2.2621524333953857,GTTGGTCATGCTATCC-1,6/V_VIa_VIb
-0.18066928287347161,GTTGTCGTGTTAGTTG-1,12/Parafascicular nucleus
2.9231966833273573,GTTGTTACATTGCGCT-1,8/RSP
0.8050042788187662,GTTTACGTTCCATCTG-1,2/fxs
2.5511000752449036,GTTTATGGGATTTAGA-1,1/MB
3.4441537906726203,GTTTCATATCGTCGCT-1,15/VL
3.005705416202545,GTTTCCTGGAGGGTGA-1,4/TH
-3.7559404391795397,GTTTCTGCAGTCTCCC-1,9/CA3
0.5533279528220495,GTTTGACCAAATCCTA-1,4/TH
-0.7855764826138816,GTTTGGCCCAAGTTAT-1,7/CA1
2.6040130207935968,GTTTGGCCGCTCAGCG-1,1/MB
2.512048880259196,GTTTGGGCTTGTGAGC-1,6/V_VIa_VIb
0.22195573647816969,GTTTGGTAGGGTCAAC-1,6/V_VIa_VIb
2.653455893198649,GTTTGTTAGCCAAGTA-1,0/CTXsp
1.9658332566420236,TAAACCCAGGAGGGCA-1,10/PIR
0.41958779096603394,TAAACGTCGTCAATGA-1,1/MB
2.31478374004364,TAAAGAGCCCGAAACC-1,1/MB
0.6933981031179428,TAAAGCGGTATTTCCA-1,0/CTXsp
-1.608048699175318,TAAAGCGTTAGGAGAA-1,7/CA1
1.5262080430984497,TAAAGCTGCAATAGGG-1,2/fxs
3.0455039938290915,TAAATCTTTACACCTC-1,3/II_III_IV
-3.854895830154419,TAAATGAATCCGTTTC-1,5/HYL
2.8930472930272417,TAAATGCCGTCTCATG-1,8/RSP
0.749997653067112,TAACAAAGGGAGAAGC-1,4/TH
3.719304422537486,TAACAATATTTGTTGC-1,2/fxs
1.0083208282788596,TAACAGCGTTTGTGCT-1,0/CTXsp
2.024343868096669,TAACATACAATGTGGG-1,9/CA3
-1.9595951437950134,TAACATACACGCGATC-1,0/CTXsp
1.9812716289112964,TAACCGCCCGCAGTGC-1,1/MB
-0.1172495037317276,TAACCTACCGTCCGAG-1,6/V_VIa_VIb
-1.1461302638053894,TAACGCTTTGAGAGCG-1,5/HYL
2.497775912284851,TAACTATCGAAGGTCC-1,2/fxs
0.9814650416374207,TAACTATTACGCCAAA-1,6/V_VIa_VIb
-1.6569630255301795,TAACTCATCCGCGCGG-1,2/fxs
3.003791570663452,TAACTCCATGGAGGCT-1,5/HYL
3.1143628597259525,TAAGCAGGCGACACGC-1,2/fxs
0.8571992783496777,TAAGCCCTTACGACCA-1,8/RSP
0.6412565012772877,TAAGGAACTTGTGGGA-1,12/Parafascicular nucleus
-0.8346579869588218,TAAGGCAACATAAGAT-1,4/TH
0.46446794271469116,TAAGGCATAACATCAA-1,10/PIR
1.2348901703953743,TAAGGCCCGTCACCCT-1,3/II_III_IV
1.1089102874199548,TAAGGCTGAATCCCTC-1,3/II_III_IV
3.101364428798358,TAAGGGCTGGGAGAGG-1,0/CTXsp
2.215676248073578,TAAGTCGCCGAGTATC-1,10/PIR
1.121594488620758,TAAGTTGCGACGTAGG-1,11/I
-4.123890042304993,TAATAAACAAGGAGAT-1,2/fxs
1.226377117137114,TAATACACAGTAGTAT-1,4/TH
2.115654687086741,TAATAGAACAGAGTTA-1,0/CTXsp
-0.07096430830036604,TAATAGGTCACCAGAA-1,11/I
-0.25695815682411194,TAATAGTGACGACCAG-1,13/DG
2.9655311703681946,TAATATTGAAATTCGC-1,12/Parafascicular nucleus
1.7467623551686604,TAATCGATCCGTACGT-1,7/CA1
2.3737142036358514,TAATGAAAGACCCTTG-1,1/MB
2.7056665023167925,TAATTAGATGGATATG-1,1/MB
1.4994869066091874,TAATTAGGACATCCGT-1,3/II_III_IV
-0.570634444554647,TAATTGGAATCGGGAA-1,2/fxs
1.8292317688465116,TAATTTCCGTCCAGTA-1,0/CTXsp
2.9736092885335283,TACAACGCACAACTCA-1,2/fxs
0.1908565411965052,TACAAGTCTCGTGCAT-1,5/HYL
1.934552599986394,TACACCGTCGTTAGTC-1,3/II_III_IV
-0.1981450542807579,TACATAGGCATACACC-1,9/CA3
0.7359128991762796,TACATCCCTATCCCTG-1,0/CTXsp
0.47533589601516724,TACATCTTGTTTCTTG-1,1/MB
3.3771527806917825,TACATGACCTTATCCG-1,1/MB
-1.3935216665267944,TACATTTCTAACGTGC-1,5/HYL
-0.06054677565892541,TACCAAATAGCCCAGA-1,3/II_III_IV
0.4584985077381134,TACCAATAAAGTACCA-1,3/II_III_IV
2.6332968970139823,TACCAGAAGTAGGTTC-1,2/fxs
-1.354190468788147,TACCAGCTAGGTTTAA-1,1/MB
-2.7007453590631485,TACCGCGGACTTGCAG-1,2/fxs
-1.3289904048045478,TACCGGCTCACTGCCC-1,9/CA3
1.755826473236084,TACCGGTCGTTTCCAT-1,15/VL
0.21005850036938978,TACCGTAGGTTAACTA-1,10/PIR
1.2238389452298484,TACCGTGCCTCGGACC-1,6/V_VIa_VIb
-0.2729263802369436,TACCTACTCCCAGTAT-1,6/V_VIa_VIb
2.1558854381243386,TACCTATCCCTAGAGG-1,0/CTXsp
3.6025216380755105,TACCTCACGCTTGTAC-1,12/Parafascicular nucleus
1.3043763687213261,TACCTCAGTTGTCTGT-1,10/PIR
1.9100768963495889,TACCTGCTGCACTGTG-1,5/HYL
-1.4292151927947998,TACCTTAAGATTTCCC-1,0/CTXsp
-1.2526502485076587,TACGAACACGACTTCA-1,4/TH
-4.59412956237793,TACGACGCTTGCTGCG-1,9/CA3
-0.33966382717092836,TACGACTGCCTCTTAG-1,9/CA3
-1.3307696282863617,TACGAGAACTTCACGT-1,5/HYL
1.4474461004137993,TACGATGTTGATCATC-1,5/HYL
3.7299351890881858,TACGCAGTTCTTTCCT-1,2/fxs
-1.1620157063007355,TACGCCATATTCTAAT-1,7/CA1
-0.48429784178733826,TACGCCGAGGGTACCC-1,10/PIR
0.43636246025562286,TACGCCTCCATTCCGA-1,6/V_VIa_VIb
2.2292790313561754,TACGCTATAGAAACCT-1,6/V_VIa_VIb
-3.245282292366028,TACGGGATGCTAGCAG-1,7/CA1
1.7414228320121765,TACGTACTAGTGCTGA-1,0/CTXsp
-0.33402221898237866,TACGTGCACTATGCTG-1,4/TH
-0.014373034238815308,TACGTTTACCGGCAAT-1,2/fxs
-1.5871677199999492,TACTATGGTTCCTCAG-1,10/PIR
-0.8596465811133385,TACTCCTCTAGTTGAC-1,11/I
3.057177394628525,TACTCGGCACGCCGGG-1,1/MB
2.4346885681152344,TACTCTCCGAACAAAT-1,13/DG
-0.8424848790455144,TACTCTTTCGTCTTCA-1,10/PIR
1.0024066666762033,TACTGAACAGATTTAG-1,10/PIR
-2.831076145172119,TACTGCAATCAATTAC-1,2/fxs
2.066013197104136,TACTGGACAGCTCGGC-1,2/fxs
1.6353642294804254,TACTTGTTAGTAGTCC-1,14/CA1-pyramidal layer of the hippocampus
-0.9684349745512009,TACTTTACTGAGCCGG-1,14/CA1-pyramidal layer of the hippocampus
0.5120619138081868,TACTTTCCGCACGCCA-1,0/CTXsp
2.961402490735054,TAGAAACACAATAGTG-1,1/MB
1.4422294131169715,TAGAAAGGTGGCGCTA-1,13/DG
0.6349651183312137,TAGAAATTCACGTATA-1,0/CTXsp
5.154339551925659,TAGAATTAAGGGCAAC-1,15/VL
1.0023561517397561,TAGACGCCCGTACCGG-1,7/CA1
1.1344923575719197,TAGACTACCTAGCGTT-1,6/V_VIa_VIb
0.20812426010767615,TAGAGCTACGAAGAAC-1,2/fxs
2.0885188952088356,TAGAGTCTAAGCGAAC-1,4/TH
0.780523806810379,TAGATATGGACTGGAA-1,2/fxs
2.620287448167801,TAGATCCGAAGTCGCA-1,1/MB
-3.0825897455215454,TAGATTCCTGGTTATT-1,2/fxs
1.769389639298121,TAGCAACCTGTCACAA-1,5/HYL
1.4979642728964486,TAGCCATTTCAAAGTC-1,6/V_VIa_VIb
0.284784272313118,TAGCCGGCGGTCAGCG-1,7/CA1
1.376822789510091,TAGCGTCCCTCGATTG-1,11/I
0.4726122419039407,TAGCGTCCGGTGTGGT-1,6/V_VIa_VIb
-0.9178218841552734,TAGCGTCGAATATTGA-1,16/COA
0.2736761433382829,TAGCGTTGGGTCTTAC-1,9/CA3
0.619395300745964,TAGCTAAGTCCGGGAG-1,4/TH
3.0958173672358194,TAGCTAGAAGGCATGA-1,2/fxs
1.1049607594807942,TAGCTAGTGATGATGG-1,10/PIR
0.8443189881121119,TAGCTCGCCTGATAAC-1,2/fxs
3.7621116638183594,TAGCTGATGTGAAGCG-1,0/CTXsp
-2.982596238454183,TAGGCATGTTACGCCA-1,7/CA1
-0.8000638484954834,TAGGCGATGAGGTCTC-1,0/CTXsp
-1.0653624534606934,TAGGGAGCTTGGGATG-1,6/V_VIa_VIb
0.6450748293912814,TAGGGTGTTTCAAGAG-1,4/TH
3.495146830876668,TAGGTCCAAGTAAGGA-1,5/HYL
-0.8920739591121674,TAGGTCGCCGGAACTG-1,6/V_VIa_VIb
-0.17003740308185422,TAGGTGAGCCCTACTC-1,5/HYL
0.5660584370295206,TAGGTGCTCGCCTAGC-1,7/CA1
-0.05084219326575601,TAGGTGTTCCACAGAT-1,3/II_III_IV
2.44640976190567,TAGGTTCGAGTTCGTC-1,4/TH
1.7695988714694975,TAGTACCTTAGTGGTC-1,1/MB
2.401585811376572,TAGTAGCTTATACCAG-1,0/CTXsp
-1.6057647466659546,TAGTCCGCAGAGAATG-1,5/HYL
0.8506116171677907,TAGTCCGTATGCATAA-1,1/MB
-1.4143987745046616,TAGTCGATCACGGGTT-1,3/II_III_IV
3.9942405621210737,TAGTCGGGATTCTTCG-1,1/MB
3.526949425538381,TAGTCTAACAACGAGA-1,2/fxs
0.1803187529246013,TAGTCTGTGACGTTGC-1,2/fxs
1.5496978759765625,TAGTGCCCTCCAGAGT-1,4/TH
3.282359500726064,TAGTGCTTGAATCCTT-1,1/MB
-0.5380364954471588,TAGTGTCAGAAACGGC-1,1/MB
2.6672517266124487,TAGTTAAGATAGGATA-1,7/CA1
0.2156253854433695,TAGTTTATTCTTGCTT-1,1/MB
1.1840962221225102,TATAAATCCACAAGCT-1,12/Parafascicular nucleus
4.09189772605896,TATAAGTGAGGATAGC-1,4/TH
-0.15519460042317723,TATACACAGACGCCTT-1,2/fxs
-2.2642401456832886,TATACACGCAAAGTAT-1,4/TH
-0.6410835087299347,TATACGCGTCATCACT-1,3/II_III_IV
1.0981975197792053,TATACTCATGCGGCAA-1,1/MB
-0.6005779902140298,TATAGAGTCGCTTGAA-1,11/I
-1.1591612100601196,TATAGATGGTCGCAGT-1,6/V_VIa_VIb
0.9715691904226937,TATAGCGCACGTTATC-1,0/CTXsp
1.2773666183153787,TATAGGGTACTCATGA-1,2/fxs
0.5504417767127354,TATATAGGGCTTTACG-1,0/CTXsp
-2.8125513792037964,TATATATCGAGAAATG-1,0/CTXsp
1.8878957629203796,TATATCATTGATCAGT-1,16/COA
2.0084034204483032,TATATCCCTGGGAGGA-1,6/V_VIa_VIb
0.41488371789455414,TATATGCTGGGTTGCC-1,1/MB
1.7784881914655366,TATATTACAAATGTCG-1,6/V_VIa_VIb
1.7393062327755615,TATCAAAGGTCTGTAA-1,2/fxs
1.0764076709747314,TATCACCATGTAAAGT-1,8/RSP
1.4076757282018661,TATCACCCAACCGACC-1,7/CA1
-6.286578416824341,TATCACTTCGAGTAAC-1,2/fxs
3.6421752373377485,TATCAGTGGCGTAGTC-1,0/CTXsp
0.517153372367223,TATCCAATTGGTTATC-1,3/II_III_IV
-0.7111798077821732,TATCCATATCATGCGA-1,12/Parafascicular nucleus
-2.6493627230326338,TATCCATCTCGGTTAG-1,11/I
0.12333313624064124,TATCCGCACCGTCGGG-1,10/PIR
1.7535803839564323,TATCCTGCATGGGAAT-1,12/Parafascicular nucleus
-1.136854112148285,TATCGATCTATGCATA-1,7/CA1
1.5513868431250253,TATCGATGATTAAACG-1,4/TH
-0.9442758411169052,TATCTACAGAGGTAAT-1,5/HYL
1.490594965716203,TATCTACCACAGCGGG-1,9/CA3
-0.5210134486357372,TATCTAGCCTAAAGGA-1,0/CTXsp
0.5221070448557534,TATCTTGCAATACAAC-1,0/CTXsp
2.932879090309143,TATGAAGACAGGTGCG-1,5/HYL
0.2884575227896371,TATGACCTTGCGCTGG-1,0/CTXsp
1.0062457025051117,TATGATCCGGCACGCC-1,8/RSP
1.4220972259839377,TATGCTCCCTACTTAC-1,4/TH
0.030682643254597908,TATGGATGTGCTACGC-1,4/TH
-1.6784921884536743,TATGGCCCGGCCTCGC-1,5/HYL
0.8645143111546836,TATGGGACCGAGCAGG-1,4/TH
3.726863523324331,TATGGGTACGTATCGT-1,4/TH
1.3665309495603046,TATGGTCTGAGTAACA-1,4/TH
0.3719779700040817,TATGGTTAGTGGGAGA-1,3/II_III_IV
-0.9939369261264801,TATGTCAAGACCGACT-1,14/CA1-pyramidal layer of the hippocampus
-1.9357322454452515,TATGTCTCATTGTGCC-1,13/DG
2.1550516734520593,TATTAACACCAAAGCA-1,0/CTXsp
0.528066133459409,TATTAACCTGACCGCG-1,10/PIR
2.8423460721969604,TATTACCATCCTGCTT-1,6/V_VIa_VIb
0.3312153021494546,TATTATGTTTGCCTGC-1,0/CTXsp
-1.3588567078113556,TATTCAATTCTAATCC-1,9/CA3
0.07005168497562408,TATTCCACTCAGCTCG-1,2/fxs
-1.0786298712094626,TATTCCGAGCTGTTAT-1,3/II_III_IV
1.6312555459638436,TATTCCTCCGCCCACT-1,0/CTXsp
2.293316344420115,TATTCGTGCCAGAATA-1,4/TH
0.6960237622261047,TATTGACATTTCTGCC-1,3/II_III_IV
1.580644816160202,TATTTAGTCTAGATCG-1,12/Parafascicular nucleus
0.4553944269816079,TATTTATACCGAGTAG-1,2/fxs
2.747209906578064,TATTTGTTACCCTTTA-1,4/TH
1.370345026254654,TCAAACAACCGCGTCG-1,4/TH
1.178357015053431,TCAAACTTAGATTGTT-1,4/TH
1.1238934267312288,TCAAAGAGCTATCTGT-1,0/CTXsp
0.22435316940148686,TCAAATTTGAGACTCA-1,3/II_III_IV
0.3465752204259236,TCAACAAAGATAATTC-1,10/PIR
3.059544126192729,TCAACACATTGGGTAA-1,1/MB
-2.6201627254486084,TCAACATAGCGCCCTA-1,10/PIR
1.0539411654074986,TCAACATCGACCGAGA-1,0/CTXsp
-0.7332488596439362,TCAACCATGTTCGGGC-1,4/TH
-1.57244743903478,TCAACGAGGAGACAAA-1,9/CA3
0.4915820360183716,TCAACGCAGGAAATAA-1,0/CTXsp
4.721441745758057,TCAACGCGACCGGCAG-1,15/VL
1.9007799724737804,TCAACTAACGTATAAC-1,2/fxs
0.963031604886055,TCAAGAAATACTAGCT-1,3/II_III_IV
2.3663948476314545,TCAAGGTTACTACACC-1,3/II_III_IV
1.469488797088464,TCAATACAATTGCTGC-1,16/COA
2.777844190597534,TCAATACGCCGTCATG-1,3/II_III_IV
3.6736058990160623,TCACAGATCCTCAAAC-1,1/MB
-2.916926294565201,TCACAGCAAACTCGAA-1,2/fxs
-1.1444963216781616,TCACAGGAGAATAAGA-1,10/PIR
1.9027628352244697,TCACAGGGAATCGCAA-1,6/V_VIa_VIb
-0.7607119735330343,TCACAGGTTATTGGGC-1,4/TH
1.6821717689745128,TCACATCTTATCTGAT-1,5/HYL
0.0026113291581471576,TCACCCTCTTAAGATT-1,9/CA3
-0.22727042250335217,TCACCGCTCGGCACTC-1,7/CA1
1.1506598591804504,TCACGATGTCCGTGGA-1,10/PIR
0.9706467390060425,TCACGCATTGTAGATC-1,4/TH
-0.8382844030857086,TCACGGTCATCGCACA-1,4/TH
-3.264140486717224,TCACGTGCCCGATTCA-1,9/CA3
1.9823646744092305,TCACTACGACCAATGC-1,2/fxs
-0.3024776379267373,TCACTCGTGCAACGGC-1,2/fxs
2.7838887299100556,TCACTCTTCGTCTGTC-1,5/HYL
0.07440506418546033,TCAGAACCTCCACAGG-1,6/V_VIa_VIb
-2.5657201632857323,TCAGACGCTATAGAAG-1,2/fxs
-1.141880214214325,TCAGCAAATGCATCTC-1,9/CA3
1.1765353182951608,TCAGCAGTAGGCCCTG-1,0/CTXsp
-0.7551527917385101,TCAGGGCGACTTCCTT-1,5/HYL
1.0696214040120444,TCAGGGCGCAAACTCG-1,1/MB
-1.1781645715236664,TCAGGGTGTAACGTAA-1,4/TH
-2.8402761816978455,TCAGGTTCTTTGAGAA-1,4/TH
2.0562308629353843,TCAGTACTGACCCGCG-1,5/HYL
0.36751969655354816,TCAGTAGGGACTATAA-1,9/CA3
2.21524844566981,TCAGTGTATACGTCAT-1,10/PIR
-3.153533637523651,TCATACTTACAGATCC-1,5/HYL
3.5295751690864563,TCATATGAGCTTTGTT-1,11/I
0.6338078180948892,TCATCACTCGAGCTCG-1,5/HYL
2.5081944664319358,TCATCGATGGTCCCAA-1,0/CTXsp
-3.339017152786255,TCATGCAGGTTCTCAT-1,7/CA1
0.27885166803995753,TCATTTAAGTCTCCGA-1,6/V_VIa_VIb
-0.1218634620308876,TCCAACTTTAAATTCT-1,2/fxs
-0.36720094084739685,TCCAATAAAGGCTACC-1,0/CTXsp
-0.8998266793787479,TCCACAATGGTTTACG-1,5/HYL
0.7905232617631555,TCCACCTCTAGCCTTT-1,3/II_III_IV
-1.6639894843101501,TCCACTTTATCTAGGT-1,13/DG
1.1609546144803364,TCCAGAGCACCGGTTC-1,9/CA3
0.6573167021075884,TCCAGATGTACGCCAA-1,8/RSP
-0.3207993358373642,TCCAGGCGAGTACGGT-1,4/TH
1.1025783717632294,TCCAGGGTATATACGA-1,3/II_III_IV
-0.22526892026265477,TCCATTCCCACTAGAG-1,3/II_III_IV
3.6759865681330366,TCCCAAACAGACAACG-1,6/V_VIa_VIb
2.94284783800443,TCCCAAAGACGAAGGA-1,4/TH
2.499843219916026,TCCCACTCTCTTCCGG-1,6/V_VIa_VIb
1.9784449040889738,TCCCAGCTTTAGTCTG-1,4/TH
0.38095937172571803,TCCCAGGCTTAGCTAA-1,4/TH
3.3881768385569253,TCCCGCGTACTCCTGG-1,4/TH
-0.6265778311838707,TCCCGGGTGTGCTGCT-1,5/HYL
0.2513154645760854,TCCCGTCAGTCCCGCA-1,2/fxs
0.774253914753596,TCCCGTCGCGTCATAG-1,3/II_III_IV
-0.12032119433085131,TCCCGTGTGCAATTTG-1,2/fxs
0.4494865611195564,TCCCTAGATCAATAGG-1,3/II_III_IV
-1.0467632710933685,TCCCTGGCGTATTAAC-1,0/CTXsp
-1.679951290289561,TCCCTGGCTCGCTGGA-1,2/fxs
2.355681339899699,TCCCTTAGATTACTCG-1,14/CA1-pyramidal layer of the hippocampus
1.9895049730936685,TCCGAACTTGGCTTAC-1,2/fxs
0.4461955279111862,TCCGAAGTAGTCACCA-1,8/RSP
0.9802957077821097,TCCGAATGGTCCTGAG-1,3/II_III_IV
2.085514187812805,TCCGATAATTGCCATA-1,5/HYL
-0.11238702883323037,TCCGATGACTGAGCTC-1,7/CA1
2.3755373259385424,TCCGATGGTGCGACAT-1,4/TH
2.2530752420425415,TCCGATTACATTGCCG-1,5/HYL
2.072495991985003,TCCGCAGCCACCTAGC-1,1/MB
1.5162435521682103,TCCGCCTGTCTACAAG-1,3/II_III_IV
0.5385658790667851,TCCGCGGCAGCATCTG-1,7/CA1
1.2015411456425986,TCCGCTGTCATCCCGG-1,6/V_VIa_VIb
-1.4024440050125122,TCCGCTTATCCCATTA-1,2/fxs
0.6449784437815347,TCCGGAGGAAGGGCTG-1,8/RSP
0.8870246708393097,TCCGGCCTAGCGTACA-1,14/CA1-pyramidal layer of the hippocampus
0.715352694193522,TCCGGTTCGTCCGGTC-1,2/fxs
1.490201192597548,TCCGTAACCACAATCC-1,1/MB
0.26368576288223267,TCCGTTTAGCCTTGAA-1,7/CA1
1.5868500967820482,TCCTAAATTGGGAAGC-1,3/II_III_IV
1.3170530155301094,TCCTAACCGTCGGGCA-1,3/II_III_IV
0.13700950145721436,TCCTACATCCACGGCC-1,6/V_VIa_VIb
-1.0445446521043777,TCCTAGCAAAGAAGCT-1,2/fxs
0.37655699253082275,TCCTCCTAAGACATTC-1,0/CTXsp
0.6402304967244465,TCCTCGGGCTGGGCTT-1,9/CA3
0.9057176113128662,TCCTCTACGAGATGGC-1,5/HYL
3.1745706399281817,TCCTCTCCAGTTGTCC-1,2/fxs
4.1192533612251285,TCCTCTGGCCCATTAG-1,2/fxs
-0.8615461885929108,TCCTGCCAACTGGAGA-1,2/fxs
2.3150402177125216,TCCTGCGTTGATACTC-1,2/fxs
2.0728957677880926,TCCTGGCGCTGCCTGG-1,8/RSP
-0.22450309619307518,TCCTTACGACGGTCCG-1,3/II_III_IV
0.023202627897262573,TCCTTCAATCCCTACG-1,0/CTXsp
3.4493616471687956,TCCTTCAGTGGTCGAA-1,1/MB
-0.09149475892384862,TCCTTTCTTACGCTTA-1,4/TH
0.3704313437143961,TCGAAATTTAGGACCA-1,4/TH
-0.7285695225000381,TCGAAGAACCGAGCAC-1,3/II_III_IV
1.8446979622046151,TCGAATATCCCGCAGG-1,0/CTXsp
1.459283133347829,TCGACAACTGAACCCG-1,0/CTXsp
1.2642465656002364,TCGAGACCAACACCGT-1,5/HYL
1.1148027578989663,TCGAGCCAGGCAGGCC-1,10/PIR
-0.3037598609924317,TCGAGTCTACGATTCG-1,11/I
0.1350749135017395,TCGCAAAGATGCATTT-1,2/fxs
0.518811543782552,TCGCACCAGGAGGCAG-1,6/V_VIa_VIb
3.1258400082588196,TCGCACTAACGTTTGT-1,1/MB
2.1558452049891152,TCGCATCCCTAAGTGT-1,1/MB
2.2654061317443848,TCGCATTCAATGACTT-1,1/MB
1.3748236745595932,TCGCCCAACTGACTCC-1,8/RSP
-1.5882566571235657,TCGCCCACTGCGAGAG-1,16/COA
1.0291966497898102,TCGCCGAAGTTGCGTC-1,15/VL
0.2166799406210581,TCGCCGCACCGCGTGA-1,0/CTXsp
-0.9741673072179158,TCGCCGGATGGGCAAG-1,2/fxs
0.4664551715056101,TCGCCGGTCGATCCGT-1,4/TH
1.1038028796513875,TCGCGTCCAGAAGGTC-1,5/HYL
0.9295963694651921,TCGCTAAACCGCTATC-1,14/CA1-pyramidal layer of the hippocampus
0.07916263739267981,TCGCTCGATATATTCC-1,4/TH
-2.539259970188141,TCGCTCGGCACCAGCG-1,6/V_VIa_VIb
-1.9020339846611023,TCGCTGGGCGGATTGT-1,7/CA1
0.27386340498924255,TCGCTGTGCGTAAATC-1,12/Parafascicular nucleus
1.8571307578434548,TCGCTTAATTACGAAG-1,3/II_III_IV
2.4954508543014526,TCGCTTTAAACGTTTG-1,7/CA1
-0.8460643887519836,TCGGAATGCGCTCTGA-1,5/HYL
-1.453753650188446,TCGGACGCCCAGCCCA-1,13/DG
1.586727331082026,TCGGAGAGTATCGGGA-1,0/CTXsp
1.0370635340611138,TCGGAGTACATGAGTA-1,9/CA3
-1.0591472387313843,TCGGCGTACTGCACAA-1,0/CTXsp
-0.2776260574658713,TCGGGAACGTGCCTAG-1,8/RSP
1.7732570494214692,TCGGGAGACAGCGTAC-1,3/II_III_IV
1.6183820267518363,TCGGGATTCAAACATA-1,0/CTXsp
-0.3307747282087803,TCGGGCCGTCGTGGTA-1,2/fxs
0.9373743335405984,TCGGGTGAAACTGCTA-1,1/MB
1.5649134566386542,TCGGTCCCGACAATAG-1,0/CTXsp
4.225820620854695,TCGGTCCCTGACTCCA-1,2/fxs
1.1064227620760598,TCGGTGACCGCTCCGG-1,8/RSP
-1.1339190006256104,TCGTAAGACGACATTG-1,13/DG
2.4754231621821723,TCGTAAGCTCCGAGGA-1,6/V_VIa_VIb
3.6813127398490906,TCGTATAGTGCAATTA-1,1/MB
4.540515979131063,TCGTATTACCCATTGC-1,2/fxs
2.189002215862274,TCGTCAAGTACGCGCA-1,10/PIR
0.5444805423418679,TCGTCACACTGTTAGC-1,5/HYL
-0.6266303211450577,TCGTCCGCTGGCGTCT-1,4/TH
-0.714172899723053,TCGTCCGGGTACACTC-1,8/RSP
0.24057132005691528,TCGTCTTAGGCGTTAA-1,3/II_III_IV
-6.286578416824341,TCGTGTACTATGGATG-1,11/I
0.9735965890189011,TCGTGTCACGCTGACA-1,9/CA3
-1.7828978300094604,TCGTTAGGAGTCCCTA-1,6/V_VIa_VIb
3.8803568681081138,TCGTTCGTTATTATGT-1,1/MB
2.528246094783147,TCGTTGACAGGGTCCC-1,16/COA
0.1789999405543009,TCGTTGCTATCCGGTC-1,10/PIR
-4.040033251047134,TCGTTGGCTCGTCAAT-1,1/MB
-1.1023207698017359,TCTAAAGAACAGTCTC-1,0/CTXsp
1.7549069225788116,TCTAACTGTATGTAAA-1,2/fxs
0.9934716923550392,TCTAATACTGCCTCAG-1,0/CTXsp
2.6552492777506513,TCTACCGTCCACAAGC-1,4/TH
0.3746449233343204,TCTACGGGCTCAGTTG-1,3/II_III_IV
2.151852250099182,TCTAGCAATCTCCGCC-1,1/MB
-0.8531019687652588,TCTAGCATCTTCGATG-1,4/TH
-1.537699580192566,TCTAGCATGCCCAGAA-1,2/fxs
-0.4191324313481648,TCTAGGTGGCGACGCT-1,7/CA1
1.6956022083759308,TCTAGTGATATCGTGG-1,3/II_III_IV
0.6018648147583008,TCTAGTTATCAGAAGA-1,4/TH
1.7690923195332287,TCTATCATGCAGTTAC-1,12/Parafascicular nucleus
-2.07812762260437,TCTATCGGTCGCAACA-1,4/TH
0.9508564074834189,TCTATTACGCTGGCGA-1,12/Parafascicular nucleus
0.16932881375153858,TCTATTACTAGAGGAT-1,0/CTXsp
1.4534243841965993,TCTCATGAGATAGGGT-1,6/V_VIa_VIb
-0.91339510679245,TCTCCAACGTAGGTTA-1,13/DG
1.7839393615722654,TCTCCCTGGGCAGCGT-1,3/II_III_IV
-0.47758571306864406,TCTCGAACGAGGTCAC-1,8/RSP
1.661906930307547,TCTCGGCTCCAGGACT-1,1/MB
-1.1896024942398071,TCTCGTGTTACGAGGA-1,0/CTXsp
-4.714368581771851,TCTCTAATAGCTGGTA-1,4/TH
4.013398051261902,TCTCTTACCGCGAACC-1,11/I
1.8473629653453827,TCTGAACCGGTCGGCT-1,4/TH
0.8709544464945793,TCTGAACTCGTACCCG-1,3/II_III_IV
1.3227784037590027,TCTGAAGCACGTGGTC-1,3/II_III_IV
1.5498685290416083,TCTGAATTCCGTACAA-1,7/CA1
3.5563509464263916,TCTGACGGGCTAACCC-1,3/II_III_IV
1.9323449432849884,TCTGATCGGGTGCTAG-1,3/II_III_IV
0.05424019197622931,TCTGATGTATTCTGTC-1,3/II_III_IV
0.2819217642148335,TCTGCAGATTCGAGTC-1,2/fxs
1.9393214881420135,TCTGCCAGAAACTGCA-1,14/CA1-pyramidal layer of the hippocampus
0.6409396106998125,TCTGCGAATCGTTCGC-1,3/II_III_IV
-1.2695880085229874,TCTGCGTCCGGTTTCT-1,1/MB
1.120197390516599,TCTGGCGCAAGCCGGG-1,16/COA
0.6816340362032254,TCTGGGAACCTTTGAA-1,6/V_VIa_VIb
2.6387116213639574,TCTGGGTAGCGCTCAT-1,2/fxs
3.257359524567922,TCTGTCATACAAGAGC-1,1/MB
-0.5154754817485809,TCTGTGCCATCATAGT-1,13/DG
-0.16510751843452454,TCTGTTACCCAGCATA-1,0/CTXsp
3.320509235064189,TCTTAACTCGGATGTA-1,1/MB
1.0130422463019688,TCTTACAGAGGTACCG-1,12/Parafascicular nucleus
-0.5918249487876892,TCTTACCGGAACTCGT-1,7/CA1
-3.412923574447632,TCTTACGGCATCCGAC-1,5/HYL
-1.7415300110975902,TCTTACTTATGCCTCT-1,6/V_VIa_VIb
2.826114133000374,TCTTAGAGCTCCAATT-1,3/II_III_IV
1.3982182343800864,TCTTAGAGTGAACTCT-1,6/V_VIa_VIb
1.491632773230473,TCTTCCCATGGGCACA-1,7/CA1
-2.343123733997345,TCTTCGAATAGACGTT-1,9/CA3
0.5994755029678345,TCTTCGATACCAATAA-1,4/TH
-0.6864956319332123,TCTTCTATAACCCGCC-1,3/II_III_IV
1.5007808605829873,TCTTGATGCGTAGCGA-1,4/TH
1.9001350700855255,TCTTGGTAACACCAAA-1,4/TH
1.0824490040540695,TCTTTAAGACTATGAA-1,6/V_VIa_VIb
0.20931923389434814,TCTTTAGCAGGCGAAC-1,3/II_III_IV
-1.5976308584213257,TGAAAGGACCTGACTC-1,7/CA1
-2.13470059633255,TGAACTGCTATGACTT-1,0/CTXsp
2.8687249223391214,TGAAGAGCGGTCCTAG-1,5/HYL
2.691156104207039,TGAAGTAGCTTACGGA-1,1/MB
0.8047137185931206,TGAATATGCTATAAAC-1,6/V_VIa_VIb
1.7347274422645569,TGAATGAGATACAGCA-1,3/II_III_IV
-0.9737452268600464,TGAATTTCACTTGCCT-1,0/CTXsp
1.6368777391811211,TGACACTTCTCTTTGC-1,6/V_VIa_VIb
2.5945774912834167,TGACAGGACAAGTCCA-1,0/CTXsp
-1.0289554595947266,TGACATATATGACGAT-1,0/CTXsp
-0.3293623228867849,TGACATCGAGCGGACC-1,6/V_VIa_VIb
0.24269876877466823,TGACCCACGTTAGACA-1,4/TH
0.8485930164655049,TGACGAATATTTCCCT-1,0/CTXsp
-1.4223847389221191,TGACGATGCACTAGAA-1,6/V_VIa_VIb
-3.1142313480377197,TGACTATAATCCTTTC-1,9/CA3
1.2194582223892212,TGAGAATGCTTTACCG-1,12/Parafascicular nucleus
1.3070501337448754,TGAGACGTACCTCTCA-1,0/CTXsp
2.871376742919286,TGAGAGATTTACCACG-1,6/V_VIa_VIb
-2.3022250731786094,TGAGATTAGGCCCTAA-1,2/fxs
0.4706345319747925,TGAGCCATACAGTCTC-1,2/fxs
3.1815727949142456,TGAGCGGAAAGTGTTC-1,6/V_VIa_VIb
-0.032177701592445374,TGAGCTTTAATGACGC-1,7/CA1
0.7990870277086892,TGAGGAGTGCCAGCTT-1,10/PIR
3.2838179071744285,TGAGGCATGTACTGTG-1,0/CTXsp
-0.3129061758518219,TGAGTAAATTAGCGTA-1,9/CA3
-1.9925111532211304,TGAGTGGTCCGTGACG-1,7/CA1
1.608667939901352,TGATACATTTAGCCGT-1,10/PIR
2.3407829801241555,TGATAGCGGGATTCTA-1,2/fxs
0.9381942252318063,TGATCCCAGCATTAGT-1,6/V_VIa_VIb
1.171450207630793,TGATCGGTTTGACCCT-1,4/TH
-2.929344028234482,TGATCTACGCTGATCT-1,2/fxs
0.8036104515194893,TGATCTCCGGCGCCAG-1,4/TH
-0.7958300610383353,TGATGGCTGTTTCTGA-1,3/II_III_IV
1.5903391192356744,TGATTATGGCACGCAG-1,8/RSP
1.8099151651064553,TGATTCAGGTCCCGCG-1,0/CTXsp
-0.9392757192254066,TGATTCCCGGTTACCT-1,11/I
2.454596221446991,TGATTCGTCTATCACT-1,4/TH
-1.104561765988668,TGATTCTGTCGCCGGT-1,2/fxs
-2.547992467880249,TGATTTATTAGCTGTG-1,2/fxs
2.8783292373021445,TGATTTCCTCCTGACG-1,4/TH
1.2641333763798077,TGCAAGAATGACGTAA-1,4/TH
0.9402027875185013,TGCAATTTGGGCACGG-1,8/RSP
1.170225660006205,TGCACAGTGAAGTTAT-1,8/RSP
0.9861982663472495,TGCACTATGTGAGTGC-1,1/MB
-0.7147275408109031,TGCAGAGTACCGAGCA-1,5/HYL
0.08279879887898778,TGCAGATCGTCCTAGG-1,0/CTXsp
-0.23291901499032974,TGCAGCTACGTACTTC-1,0/CTXsp
1.5024771690368652,TGCAGGATCGGCAAAG-1,2/fxs
0.9788677593072257,TGCAGTGAGGCTCGGG-1,8/RSP
0.5099035898844401,TGCAGTTTCCTCCCAT-1,2/fxs
-1.2110918362935383,TGCATATGTCTGTCAC-1,7/CA1
0.2878415485223136,TGCATGGATCGGATCT-1,5/HYL
0.2584732497731844,TGCATGTGGTAATCTA-1,13/DG
0.48148998618125916,TGCCAAAGTCAGACTT-1,0/CTXsp
1.0119791626930237,TGCCAATGGGTACTCT-1,10/PIR
1.8260718869666257,TGCCACACTAGAGGAA-1,0/CTXsp
0.18754009405771876,TGCCACCTGGCGAAAC-1,7/CA1
1.4610961998502412,TGCCAGTACGTGGAGA-1,6/V_VIa_VIb
-1.578773558139801,TGCCATTACTAAAGAA-1,7/CA1
1.1562159558137257,TGCCCGTACCGTTAAA-1,7/CA1
-1.9263330698013306,TGCCGAAAGCGTATTC-1,3/II_III_IV
-0.549913739785552,TGCCGGATGTACGAGC-1,0/CTXsp
0.0696286757787068,TGCCGTGGATCGTCCT-1,6/V_VIa_VIb
0.30618766943613673,TGCCTGACATCGGTCA-1,5/HYL
-1.340983048081398,TGCCTGATCAAACGAT-1,5/HYL
2.1298258403937025,TGCCTTGGCCAGGCAA-1,3/II_III_IV
-0.7196985309322675,TGCGAATATGGGATTT-1,0/CTXsp
-2.685568352540334,TGCGACACCCTAGTGC-1,9/CA3
-0.6592895910143852,TGCGACGGCCGAACGT-1,0/CTXsp
-2.4963486194610596,TGCGAGAATATTACCC-1,0/CTXsp
1.980079285800457,TGCGAGATGGCGGCCA-1,8/RSP
1.6781777938206992,TGCGAGCCCTTCCGCG-1,8/RSP
-0.5516448020935059,TGCGATGCTAATGGCT-1,1/MB
-2.310133397579193,TGCGCAAAGCATTTGG-1,4/TH
-2.2894512116909027,TGCGCGATTAACGGAG-1,4/TH
-0.059352775414784786,TGCGGAGTAAAGGTGC-1,5/HYL
-0.27639031410217285,TGCGGCATAGTTCAAC-1,1/MB
0.03312095403671256,TGCGGTGAAATTTCAT-1,1/MB
1.3119317069649696,TGCGTAAGAACCTGAT-1,2/fxs
1.8258082891503968,TGCGTCATGACTGAGC-1,10/PIR
3.615841507911682,TGCGTGATTGGGTGTC-1,1/MB
-0.3314526304602623,TGCGTTTGTTGACACT-1,9/CA3
-0.09324848651885986,TGCTAAGTGTCTATTT-1,3/II_III_IV
0.14836744467417384,TGCTCCACAGTTCTTA-1,6/V_VIa_VIb
-0.5775755643844604,TGCTCGGCGAAACCCA-1,6/V_VIa_VIb
1.2993241796890893,TGCTGGTTGGACAATT-1,4/TH
-1.4991101920604706,TGCTGTTGAAGAACTC-1,9/CA3
-0.4018291085958481,TGCTTAGAGAGAATGC-1,0/CTXsp
1.2153981427351632,TGCTTCCCAAGCAGTA-1,3/II_III_IV
3.2359668711821237,TGCTTGAAACCATGCA-1,1/MB
-6.286578416824341,TGGAACCACTGACACA-1,2/fxs
1.3675093551476796,TGGAAGAAGGGAACGT-1,2/fxs
-0.431333343187968,TGGAAGACGAACACCA-1,12/Parafascicular nucleus
3.612690011660258,TGGAAGGATAAAGATG-1,5/HYL
1.2325787742932637,TGGAATATCCTTGACC-1,6/V_VIa_VIb
2.6878302494684854,TGGAATTAGACGCTTT-1,5/HYL
2.8982591827710467,TGGACACCGTTGCTTG-1,1/MB
1.253855018566052,TGGACGCAATCCAGCC-1,0/CTXsp
2.2819575369358063,TGGACGTAGGCGAATC-1,1/MB
0.8669159015019736,TGGACTGTTCGCTCAA-1,9/CA3
1.806445692976316,TGGAGGGAAACACCTC-1,3/II_III_IV
-3.2772780656814575,TGGAGTGATGCGATGA-1,4/TH
3.865274131298065,TGGATAGAGTAACAGA-1,1/MB
1.205655962228775,TGGCAAACTAAATTAC-1,6/V_VIa_VIb
0.27150273571411765,TGGCAACTCGCGCGCC-1,7/CA1
-1.945751667022705,TGGCAGATTACGATCA-1,9/CA3
1.728568991025289,TGGCAGCAGTAATAGT-1,9/CA3
-0.6145355800787609,TGGCATGAAGTTTGGG-1,0/CTXsp
1.3088889891902606,TGGCCAAACTGAAGTA-1,13/DG
-1.0859723091125488,TGGCCAATTTGGTACT-1,0/CTXsp
0.6509631276130676,TGGCCGTATATTGACC-1,4/TH
0.596000502506892,TGGCGACTGCTCCAAA-1,10/PIR
-2.939752608537674,TGGCGATCAAGTTATG-1,2/fxs
1.921216751138369,TGGCTCTTGTCGCGTA-1,0/CTXsp
0.34059479236602785,TGGCTTATGTATAATG-1,11/I
-1.6155441229542096,TGGCTTGTACAAGCTT-1,8/RSP
-1.0155163779854774,TGGCTTTGGGTAGACA-1,12/Parafascicular nucleus
-0.9832748025655746,TGGGAAATGCCTTTCC-1,5/HYL
2.7654606501261396,TGGGATGCACTCATTC-1,8/RSP
1.10315211613973,TGGGCCACAAGAGCGC-1,5/HYL
-0.16490801175435388,TGGGCCCATACTAATT-1,8/RSP
3.1144410967826843,TGGGCCTTGCCTGCAT-1,1/MB
-0.7539617191068828,TGGGTAAGGTTCCCGC-1,2/fxs
1.9049185514450073,TGGGTGGGATGTCATT-1,8/RSP
0.397930383682251,TGGGTTCCCGGACGGA-1,1/MB
3.366859555244446,TGGTAAGCAGGATTGA-1,0/CTXsp
-3.2682941555976868,TGGTAGAATATATGGG-1,3/II_III_IV
0.4955681562423706,TGGTCCCACGCTACGG-1,6/V_VIa_VIb
1.5405585020780563,TGGTCGTGCAAGGCAA-1,0/CTXsp
4.138775746027628,TGGTCTAGCTTACATG-1,1/MB
0.8907653292020163,TGGTCTGTTGGGCGTA-1,2/fxs
0.7621661523977914,TGGTGATCGTATTTGT-1,5/HYL
0.11818222204844142,TGGTTAAGGGCGCTGG-1,3/II_III_IV
1.9549806356430053,TGGTTATGCTTGCGGT-1,2/fxs
1.8214100748300552,TGGTTCAACGGGTAAT-1,6/V_VIa_VIb
1.3033673961957295,TGGTTCGTAGCAAAGG-1,4/TH
1.152795890967051,TGGTTGGAGGATCCTG-1,2/fxs
1.044107417265574,TGGTTTAAACGTGGGT-1,8/RSP
1.6389913956324258,TGTAATGACCACAATA-1,0/CTXsp
1.8116991743445396,TGTACGAACAAATCCG-1,5/HYL
3.018683214982351,TGTACTACTCTCACGG-1,3/II_III_IV
1.9332563281059263,TGTAGGAGAAATTTCC-1,7/CA1
-3.1071492433547974,TGTAGTGATCTATAAT-1,5/HYL
-1.1967638731002808,TGTATAACAGATCCTG-1,13/DG
1.9839683175086975,TGTATCAGACTGAAGC-1,8/RSP
-1.2438192889094353,TGTATCCTTATTCCAT-1,1/MB
-1.0821934044361115,TGTATGGCGCAGACAG-1,6/V_VIa_VIb
0.8966949184735618,TGTATTTACCTAATGC-1,8/RSP
1.7429553831073767,TGTCATTTGTTGGGAA-1,6/V_VIa_VIb
4.180244565010071,TGTCCCGACATAGCAC-1,1/MB
-1.399896502494812,TGTCCGTGGCGCCTTT-1,2/fxs
-0.6909460822741191,TGTCCTAAGTCACCGC-1,2/fxs
0.47225194573402407,TGTCGGCATGGTGGAA-1,1/MB
0.6947440803050995,TGTCTACAGTTTCTGT-1,1/MB
0.34455500046412135,TGTGACTACGCCAGTC-1,5/HYL
-1.0595280230045319,TGTGAGACTAGCCCAA-1,3/II_III_IV
-2.2020190954208374,TGTGCCAGAGGCAAAG-1,0/CTXsp
-3.575012445449829,TGTGGCAAAGCGTATG-1,7/CA1
0.6471912066141763,TGTGGCGGGCTTCTGG-1,11/I
-3.738585948944092,TGTGGTTGCTAAAGCT-1,11/I
0.767717182636261,TGTGTCGAAGTCGAGG-1,0/CTXsp
-1.6844708323478699,TGTGTCGCGAGTTGCA-1,4/TH
0.23354596892992652,TGTGTGACCATGAATC-1,0/CTXsp
1.9176093339920044,TGTGTTCGTATCCAAG-1,2/fxs
2.879219313462575,TGTTATTGTATGTGGC-1,6/V_VIa_VIb
2.8351873358090716,TGTTCATAAATGTGCT-1,2/fxs
0.5862985948721566,TGTTCCGCTTCCATGA-1,5/HYL
0.16004045804341627,TGTTCGTATTGCGGTG-1,2/fxs
-0.9026954174041748,TGTTCTCTACTCCCTA-1,3/II_III_IV
0.17923588429888088,TGTTCTTCCATTGACT-1,5/HYL
0.21659748752911878,TGTTGTCAAGAAGTCT-1,13/DG
5.25211625546217,TGTTTAATACTTCATC-1,15/VL
1.199272314707438,TGTTTCGGTACTTCTC-1,12/Parafascicular nucleus
-1.38844483345747,TTAAACAGAGTCCCGC-1,1/MB
3.0219122767448425,TTAAACCTGGTTCCTT-1,2/fxs
-0.4607826843857765,TTAAACTCGAATTCAT-1,14/CA1-pyramidal layer of the hippocampus
1.2387593984603882,TTAACACCTCGAACAT-1,5/HYL
-0.5744017735123634,TTAACCAACCCTCCCT-1,12/Parafascicular nucleus
1.2355809013048806,TTAACGAACAAGCAGT-1,8/RSP
0.12977639834086085,TTAACGTCGCAAGACC-1,1/MB
-0.5266772508621216,TTAACGTTAAAGCCTG-1,16/COA
-0.24910464871209115,TTAACTCACGCGTGGA-1,1/MB
0.3760198295116425,TTAACTTCAGGTAGGA-1,0/CTXsp
1.9428666035334268,TTAAGATAGGATTGAC-1,3/II_III_IV
-1.6772656440734863,TTAAGCCGACAACTTC-1,2/fxs
2.3571242491404214,TTAAGCGCCTGACCCA-1,4/TH
0.6733876590927441,TTAAGGCCCGTACTTT-1,0/CTXsp
-3.016138864060243,TTAATCAGTACGTCAG-1,7/CA1
-0.9014094471931458,TTAATGTAGACCAGGT-1,4/TH
4.9465309381484985,TTAATGTGTTTGCAGG-1,1/MB
3.115465675791105,TTAATTTCAGACGCGG-1,5/HYL
-1.6107011934121451,TTACAACTACGCATCC-1,4/TH
0.4200570682684579,TTACAGACCTAAATGA-1,7/CA1
0.8716707229614258,TTACATCGTGGCCTGG-1,4/TH
0.4195136924584706,TTACATGCCACAACTA-1,3/II_III_IV
-1.3954159220059714,TTACCATTGATTACCC-1,2/fxs
1.0534257193406422,TTACCCATTGCCGGGT-1,14/CA1-pyramidal layer of the hippocampus
0.7123545209566753,TTACCCTAACAGTCCT-1,5/HYL
-0.7127430438995361,TTACCCTAGGGATTGG-1,3/II_III_IV
2.593506986896197,TTACCGCCTTAGGGAA-1,1/MB
0.911232883731524,TTACGGATGGTTCGAG-1,14/CA1-pyramidal layer of the hippocampus
2.770918289820353,TTACTAAAGGACTTTA-1,6/V_VIa_VIb
1.3276498479147754,TTACTATCGGCTTCTC-1,0/CTXsp
1.3161210517088573,TTACTCCGGCCGGGAA-1,13/DG
4.070926934480667,TTACTCTGGTACGTAC-1,15/VL
-1.0403597354888916,TTACTGGGATATTTCA-1,9/CA3
0.8974218467871347,TTACTGTCTAGAGCTC-1,8/RSP
1.1047919193903604,TTAGAAGAACATGACT-1,6/V_VIa_VIb
2.628157925605774,TTAGAATAAGGGTCGG-1,0/CTXsp
-2.681392803788185,TTAGACACGATCGTTG-1,7/CA1
1.2862645188967385,TTAGACGAGTCACCTC-1,6/V_VIa_VIb
0.23802737394968654,TTAGAGGGATATACAG-1,0/CTXsp
1.9355782369772592,TTAGAGTTTAGAAGGA-1,6/V_VIa_VIb
2.634660134712855,TTAGATAGGTCGATAC-1,1/MB
3.628218024969101,TTAGCAACATGGATGT-1,5/HYL
2.0298037578662234,TTAGCTAATACGATCT-1,7/CA1
0.7208550572395325,TTAGCTCTGTAATCCG-1,2/fxs
-1.822768102089564,TTAGCTGATTTGCCGT-1,6/V_VIa_VIb
0.9024695108334222,TTAGGTCATAACCGAC-1,10/PIR
-2.7472336143255234,TTAGTAGGGCGGCGGG-1,2/fxs
-1.9369114538033805,TTAGTTATTCGTGGCA-1,6/V_VIa_VIb
2.600175162156423,TTAGTTCAAGTGTTCG-1,8/RSP
1.122200749038408,TTATAGGTAATTGTCT-1,3/II_III_IV
0.9936376553184041,TTATATACGCTGTCAC-1,9/CA3
2.0216102451086044,TTATATTTGGCAATCC-1,4/TH
0.5382698774337769,TTATCCAATCGAACTC-1,1/MB
2.729202369848887,TTATCCGGGATCTATA-1,3/II_III_IV
2.9507636427879333,TTATCCTCAAGGAATA-1,0/CTXsp
1.8253189784785109,TTATCGCCTGCGAAGC-1,5/HYL
-0.745276927947998,TTATCTGACATTAGGA-1,0/CTXsp
0.8678511281808217,TTATCTGTATCATAAC-1,4/TH
-1.2586176693439484,TTATGAATGAAAGGGA-1,9/CA3
-0.7713843981424968,TTATGACAAACTGGAT-1,2/fxs
-1.2724764347076416,TTATGATCTTAACGAA-1,7/CA1
0.8499116996924081,TTATGTTTGCGATAGA-1,5/HYL
-0.7555007338523865,TTATTAGAGCGTGTTC-1,9/CA3
2.718682328859965,TTATTAGGGAAGCATC-1,1/MB
0.3282287120819092,TTCAAAGTCTCTAGCC-1,7/CA1
-1.8273359537124634,TTCAACGACCCGACCG-1,12/Parafascicular nucleus
4.391096711158752,TTCAAGCCGAGCTGAG-1,15/VL
1.0491584340731301,TTCAATACTCTGAATC-1,14/CA1-pyramidal layer of the hippocampus
0.5023658474286397,TTCACGAAAGGATCAC-1,5/HYL
-2.2734609842300415,TTCACTCGAGCACCTA-1,8/RSP
1.157183162868023,TTCAGCCCTGGTCCAC-1,6/V_VIa_VIb
4.322142481803894,TTCAGGCGTCAAAGCC-1,0/CTXsp
1.7677304546038308,TTCAGTTTGTGGCAGC-1,2/fxs
1.9889314671357474,TTCATAGGGTGTCCAT-1,1/MB
-2.7439956068992615,TTCATGGCGCAACAGG-1,2/fxs
0.04696575800577785,TTCCAATCAGAGCTAG-1,7/CA1
0.5546405613422394,TTCCAATCTGGCTATC-1,9/CA3
0.9320664604504902,TTCCACACAGATTTGA-1,2/fxs
3.3567813634872437,TTCCAGACGAGATTTA-1,3/II_III_IV
0.7050258020559946,TTCCATCATGCGGTGA-1,8/RSP
0.6200998450318972,TTCCCGGCGCCAATAG-1,0/CTXsp
-2.087478185693423,TTCCGCAGAGAAATAT-1,2/fxs
0.7818223039309184,TTCCGCGTGAGGCGAT-1,9/CA3
1.0479794939359028,TTCCGGCCTTGAGGCT-1,10/PIR
2.5746480027834573,TTCCGGCTCGACTTCT-1,8/RSP
-0.5006028413772583,TTCCGGTTACCCACTT-1,6/V_VIa_VIb
-2.0357126742601395,TTCCTCGAGGGTGTCT-1,4/TH
1.2027228871981301,TTCCTCGGACTAACCA-1,6/V_VIa_VIb
2.614328235387802,TTCCTCTGCCCGAATA-1,0/CTXsp
0.9233967810869217,TTCCTTTCTGTGTTGC-1,1/MB
3.3297848900159197,TTCGACAGAGCCCGTG-1,6/V_VIa_VIb
1.1023646493752797,TTCGACGGGAAGGGCG-1,4/TH
1.6651640025277932,TTCGCACTCGCGTGCT-1,4/TH
0.25258799393971754,TTCGCACTGTACGACA-1,3/II_III_IV
-0.6123616099357605,TTCGCATCCGGAAGCA-1,1/MB
0.00988497833410898,TTCGCCGCTCGCGCTA-1,0/CTXsp
-1.3971574008464813,TTCGCGCGCCATACGA-1,10/PIR
0.6719629963239033,TTCGCTATCTGACGTG-1,2/fxs
0.7340448399384816,TTCGGCAACCCGCTGA-1,7/CA1
3.699638287226359,TTCGGCTAGAGATGGT-1,5/HYL
2.6027692556381226,TTCGGGACTAATCGCG-1,9/CA3
0.9276781876881919,TTCGGGCGCTAGTCTT-1,10/PIR
3.4199834863344827,TTCGTAATCCCAGCGG-1,7/CA1
0.45620016256968177,TTCGTACTCCAGAACG-1,5/HYL
0.9192488193511963,TTCGTTCAACGAAGTT-1,6/V_VIa_VIb
3.2943230867385864,TTCTAACCGAAGCTTA-1,14/CA1-pyramidal layer of the hippocampus
-1.480435699224472,TTCTACTTGCGAGGGC-1,5/HYL
-0.3383675441145897,TTCTAGAAAGTCTTAT-1,10/PIR
0.4448851545651753,TTCTAGGCCAATTGTG-1,4/TH
0.8090842723846436,TTCTATGCCTTTCGCA-1,3/II_III_IV
2.4618574182192483,TTCTGACCGGGCTCAA-1,3/II_III_IV
-0.2337459810078144,TTCTGCCGCGCCTAGA-1,6/V_VIa_VIb
2.4510342578093214,TTCTGCGAGCGCCCTT-1,2/fxs
1.7639509141445158,TTCTGCGGGTTAGCGG-1,7/CA1
-0.9505202770233154,TTCTGCTAGACTCCAA-1,6/V_VIa_VIb
2.326732446750005,TTCTGTTTCCTGTCGC-1,1/MB
1.008696767191092,TTCTTAGTGAACGGTG-1,4/TH
2.8427023887634277,TTCTTAGTGGCTCAGA-1,4/TH
-4.078660011291504,TTCTTATCCGCTGGGT-1,11/I
-0.9797599911689758,TTCTTGAGCCGCGCTA-1,1/MB
1.7424881358941395,TTCTTGCTAGCATCTC-1,3/II_III_IV
-0.43481827775637316,TTCTTGGACGATCTGC-1,0/CTXsp
1.8489372432231903,TTCTTGGAGTAATGAG-1,13/DG
-1.011383851369222,TTCTTGTAACCTAATG-1,4/TH
1.0178997218608856,TTCTTGTGTCCATCAG-1,16/COA
-0.9931469758351644,TTCTTTGGTCGCGACG-1,6/V_VIa_VIb
2.3737572630246477,TTGAAAGGTGTAAAGG-1,8/RSP
0.4547998706499734,TTGAACGAATCCTTTG-1,5/HYL
2.2964234153429666,TTGAAGAATTCCCAGG-1,4/TH
1.311359832684199,TTGAATATGGACTTTC-1,13/DG
0.5096766948699951,TTGAATCGTTGTATAA-1,0/CTXsp
2.862462798754374,TTGAATTCACGTGAGG-1,6/V_VIa_VIb
1.701470042268435,TTGACAGGAGCTCCCG-1,3/II_III_IV
-1.8095339685678482,TTGACCATGTTCTCCG-1,13/DG
-3.714308023452759,TTGACCGTGTTAATGA-1,0/CTXsp
-1.5269158482551575,TTGACGATTCAGCACG-1,1/MB
0.05116615692774451,TTGACGCTCCATGAGC-1,6/V_VIa_VIb
3.322502553462982,TTGACTACCATATGGT-1,2/fxs
0.7836104234059651,TTGACTATTGTCCGGC-1,3/II_III_IV
-0.5046820342540741,TTGAGAAGTTTAGCAT-1,3/II_III_IV
3.6810423930486045,TTGAGAGTACTGCTAA-1,15/VL
0.5067460238933563,TTGATAGTCAATACAT-1,3/II_III_IV
1.7472482721010842,TTGATCTAACTTTGTC-1,4/TH
0.9244375626246133,TTGATGTGTAGTCCCG-1,7/CA1
0.8706114143133163,TTGATTAGCTGTTTCT-1,0/CTXsp
-1.9394620582461357,TTGATTATGCAGATGA-1,5/HYL
-1.046324573457241,TTGCACAATTCAGAAA-1,9/CA3
2.707882950703303,TTGCACGGAGCAGCAC-1,4/TH
2.606666699051857,TTGCATGCTGATCACG-1,2/fxs
0.6936727662881215,TTGCCATAGCCCGCTC-1,10/PIR
2.3097751935323076,TTGCCCTGATCACGGG-1,5/HYL
2.158009808510542,TTGCCGGTGATCCCTC-1,8/RSP
0.5210950573285422,TTGCGCTCTCTCGCTT-1,1/MB
-2.6783845722675323,TTGCGGCATCAGAAAG-1,10/PIR
-3.029363751411438,TTGCGTAGTTTGAGGA-1,1/MB
0.005761100600163133,TTGCGTCGGCCAACCG-1,0/CTXsp
-0.46846728026866913,TTGCGTGAACGCTTAG-1,2/fxs
-0.20344742139180494,TTGCTCCCATACCGGA-1,5/HYL
1.487289806207021,TTGCTGAAGGAACCAC-1,4/TH
2.6194789111614227,TTGCTGATCATGTTCG-1,4/TH
-0.41539336244265246,TTGCTGCACCTATCCA-1,1/MB
0.8798481971025467,TTGGAAGAATACAGTC-1,0/CTXsp
4.225660319129625,TTGGACATGTGGCTTA-1,15/VL
1.2932632233947516,TTGGACCTATAACAGT-1,3/II_III_IV
0.849944531917572,TTGGATATCGTCTACG-1,9/CA3
1.129749876757463,TTGGATCGACTTCTGG-1,1/MB
1.4056533873081207,TTGGATTGGGTACCAC-1,12/Parafascicular nucleus
3.4672089020411176,TTGGCCATCTTGCGCT-1,5/HYL
-3.3345306515693665,TTGGCCTAGAATTTCG-1,7/CA1
-0.9532069563865662,TTGGCTCGCATGAGAC-1,4/TH
-2.404473662376404,TTGGGACACTGCCCGC-1,4/TH
2.3388901352882385,TTGGGCGGCGGTTGCC-1,13/DG
3.8578771591186523,TTGGGTTTATTCAGCG-1,3/II_III_IV
-0.4883663207292557,TTGGTATGGCTTGTGT-1,3/II_III_IV
0.9857503771781921,TTGGTCACACTCGTAA-1,9/CA3
2.1793292363484698,TTGGTTGCGGTGCGCG-1,10/PIR
-0.9888086766004562,TTGTAAGGACCTAAGT-1,1/MB
-1.2938246130943298,TTGTAAGGCCAGTTGG-1,13/DG
2.4828674097855887,TTGTAATCCGTACTCG-1,4/TH
1.58463054895401,TTGTACACCTCGAACA-1,0/CTXsp
-0.910512387752533,TTGTCACCGCGGTATC-1,0/CTXsp
-0.08318829536437988,TTGTCGTTCAGTTACC-1,4/TH
0.8273720443248749,TTGTGAGGCATGACGC-1,0/CTXsp
1.719792403280735,TTGTGCAGCCACGTCA-1,3/II_III_IV
1.2192321022351584,TTGTGGCCCTGACAGT-1,4/TH
-0.20000441372394562,TTGTGGTAGGAGGGAT-1,0/CTXsp
-0.8762314418951671,TTGTGTATGCCACCAA-1,10/PIR
0.806500752766927,TTGTGTTTCCCGAAAG-1,2/fxs
1.9867622454961142,TTGTTAGCAAATTCGA-1,4/TH
-1.4763442277908325,TTGTTCAGTGTGCTAC-1,4/TH
2.352613776922226,TTGTTCTAGATACGCT-1,1/MB
-0.775672992070516,TTGTTGTGTGTCAAGA-1,9/CA3
0.35345423594117165,TTGTTTCACATCCAGG-1,10/PIR
-1.229403130710125,TTGTTTCATTAGTCTA-1,0/CTXsp
