CCI,index,Annotation
-0.07755333185195923,AAACAAGTATCTCCCA-1,"0/V,VIa,VIb"
-0.07755333185195923,AAACACCAATAACTGC-1,9/I
0.0,AAACAGAGCGACTCCT-1,3/fxs
-0.07755333185195923,AAACAGCTTTCAGAAG-1,5/CTXsp
-0.07755333185195923,AAACAGGGTCTATATT-1,5/CTXsp
-0.07755333185195923,AAACATTTCCCGGATT-1,9/I
-0.07755333185195923,AAACCCGAACGAAATC-1,"7/II,III,IV"
-0.07755333185195923,AAACCGGGTAGGTACC-1,8/PIR
-0.07755333185195923,AAACCGTTCGTCCAGG-1,8/PIR
-0.07755333185195923,AAACCTAAGCAGCCGG-1,"7/II,III,IV"
-0.07755333185195923,AAACCTCATGAAGTTG-1,10/COA
-0.07755333185195923,AAACGAGACGGTTGAT-1,6/TH
-0.07755333185195923,AAACGGTTGCGAACTG-1,9/I
-0.07755333185195923,AAACGTGTTCGCCCTA-1,"0/V,VIa,VIb"
-0.07755333185195923,AAACTCGGTTCGCAAT-1,"7/II,III,IV"
-0.07755333185195923,AAACTCGTGATATAAG-1,2/CA3
-0.07755333185195923,AAACTGCTGGCTCCAA-1,2/CA3
-0.07755333185195923,AAACTTGCAAACGTAT-1,5/CTXsp
-0.07755333185195923,AAAGACTGGGCGCTTT-1,10/COA
-0.07755333185195923,AAAGCTTGCCTACATA-1,"0/V,VIa,VIb"
-0.07755333185195923,AAAGGCTACGGACCAT-1,"7/II,III,IV"
-0.07755333185195923,AAAGGCTCTCGCGCCG-1,8/PIR
-0.07755333185195923,AAAGGGATGTAGCAAG-1,6/TH
-0.6024507880210876,AAAGGGCAGCTTGAAT-1,1/MB
-0.07755333185195923,AAAGTAGCATTGCTCA-1,5/CTXsp
-0.07755333185195923,AAAGTCGACCCTCAGT-1,10/COA
-0.07755333185195923,AAAGTGTGATTTATCT-1,2/CA3
-0.07755333185195923,AAAGTTGACTCCCGTA-1,13/CA1-pyramidal layer of the hippocampus
-0.07755333185195923,AAATAAGGTAGTGCCC-1,3/fxs
-0.07755333185195923,AAATACCTATAAGCAT-1,2/CA3
-0.07755333185195923,AAATAGCTTAGACTTT-1,13/CA1-pyramidal layer of the hippocampus
0.0,AAATAGGGTGCTATTG-1,3/fxs
-0.07755333185195923,AAATCCGATACACGCC-1,9/I
-0.07755333185195923,AAATCGTGTACCACAA-1,3/fxs
-0.07755333185195923,AAATCTAGCCCTGCTA-1,"7/II,III,IV"
-0.07755333185195923,AAATGATTCGATCAGC-1,3/fxs
-0.07755333185195923,AAATGCTCGTTACGTT-1,1/MB
-0.07755333185195923,AAATGGCATGTCTTGT-1,1/MB
-0.07755333185195923,AAATGGCCCGTGCCCT-1,5/CTXsp
-0.07755333185195923,AAATGGTCAATGTGCC-1,4/HYL
-0.07755333185195923,AAATTAACGGGTAGCT-1,6/TH
-0.07755333185195923,AAATTAATAAGCGCGA-1,9/I
-0.07755333185195923,AAATTACACGACTCTG-1,3/fxs
-2.202303647994995,AAATTACCTATCGATG-1,2/CA3
0.0,AAATTCCAGGTCCAAA-1,"0/V,VIa,VIb"
-0.07755333185195923,AAATTGATAGTCCTTT-1,5/CTXsp
-0.07755333185195923,AAATTGGTGAGAAGCA-1,"0/V,VIa,VIb"
-0.07755333185195923,AAATTTGCGGGTGTGG-1,5/CTXsp
-0.07755333185195923,AACAACTGGTAGTTGC-1,4/HYL
-0.07755333185195923,AACAATACATTGTCGA-1,5/CTXsp
-0.07755333185195923,AACAATTACTCTACGC-1,4/HYL
0.0,AACACACGCTCGCCGC-1,"0/V,VIa,VIb"
-0.07755333185195923,AACACGAGACGCGGCC-1,5/CTXsp
-0.07755333185195923,AACAGCTGTGTGGCAA-1,5/CTXsp
-0.07755333185195923,AACAGGAAATCGAATA-1,1/MB
-0.07755333185195923,AACAGGATGGGCCGCG-1,4/HYL
0.0,AACAGGTAGTATGGAT-1,"7/II,III,IV"
-0.07755333185195923,AACATATCAACTGGTG-1,2/CA3
-0.07755333185195923,AACATCGATACGTCTA-1,"0/V,VIa,VIb"
-0.07755333185195923,AACATTGTGACTCGAG-1,"7/II,III,IV"
-0.07755333185195923,AACCAAGACTTCTCTG-1,10/COA
-0.07755333185195923,AACCATGGGATCGCTA-1,1/MB
-0.07755333185195923,AACCCAGAGACGGAGA-1,1/MB
-0.07755333185195923,AACCCATCCCATGATC-1,5/CTXsp
-0.07755333185195923,AACCCTACTGTCAATA-1,2/CA3
-0.07755333185195923,AACCGAGCTTGGTCAT-1,6/TH
1.6582785646120708,AACCGCTAAGGGATGC-1,3/fxs
-0.07755333185195923,AACCGTTGTGTTTGCT-1,1/MB
-0.07755333185195923,AACCTCGCTTTAGCCC-1,"7/II,III,IV"
0.0,AACCTGTCACGGAATT-1,"0/V,VIa,VIb"
-0.07755333185195923,AACCTTTAAATACGGT-1,3/fxs
-0.07755333185195923,AACCTTTACGACGTCT-1,9/I
-0.07755333185195923,AACGATAATGCCGTAG-1,3/fxs
-0.07755333185195923,AACGATAGAAGGGCCG-1,11/Parafascicular nucleus
-0.07755333185195923,AACGATATGTCAACTG-1,6/TH
-0.07755333185195923,AACGCATGATCTGGGT-1,4/HYL
-0.07755333185195923,AACGCGGTCTCCAGCC-1,6/TH
-0.07755333185195923,AACGCTGTTGCTGAAA-1,"0/V,VIa,VIb"
-0.07755333185195923,AACGGACGTACGTATA-1,"0/V,VIa,VIb"
-0.07755333185195923,AACGGCCATCTCCGGT-1,8/PIR
-0.07755333185195923,AACGTCAGACTAGTGG-1,4/HYL
-0.07755333185195923,AACGTGCGAAAGTCTC-1,6/TH
-0.07755333185195923,AACGTTATCAGCACCT-1,1/MB
0.0,AACTACCCGTTTGTCA-1,"7/II,III,IV"
-0.07755333185195923,AACTAGGCTTGGGTGT-1,3/fxs
-0.07755333185195923,AACTCAAGTTAATTGC-1,4/HYL
-0.07755333185195923,AACTCCAGAGCGTGTT-1,"7/II,III,IV"
-0.07755333185195923,AACTCTCAATAGAGCG-1,2/CA3
-0.07755333185195923,AACTCTCAGTGTGCTC-1,8/PIR
-0.07755333185195923,AACTGATATTAGGCCT-1,11/Parafascicular nucleus
-0.07755333185195923,AACTGGGTCCCGACGT-1,11/Parafascicular nucleus
-0.07755333185195923,AACTTCTGCGTCTATC-1,1/MB
-0.07755333185195923,AACTTGCCCGTATGCA-1,4/HYL
-0.38344883918762207,AACTTGCGTTCTCGCG-1,1/MB
-0.07755333185195923,AACTTTACGGGAGCTT-1,9/I
-0.07755333185195923,AACTTTCTCGATCATG-1,"0/V,VIa,VIb"
0.0,AAGAAATCACCAGATT-1,"0/V,VIa,VIb"
-0.07755333185195923,AAGAAGGATCAGTTAG-1,1/MB
0.0,AAGACCCAACTGAACA-1,8/PIR
-0.07755333185195923,AAGACTGCAAGCTACT-1,6/TH
0.0,AAGAGATGAATCGGTA-1,4/HYL
-0.07755333185195923,AAGAGCTCTTTATCGG-1,6/TH
-0.07755333185195923,AAGAGGATGTACGCGA-1,8/PIR
-0.07755333185195923,AAGAGGCATGGATCGC-1,6/TH
-0.07755333185195923,AAGATGGCACCGGACC-1,8/PIR
-0.07755333185195923,AAGATTGGCGGAACGT-1,9/I
0.0,AAGCACCCTGCGTATC-1,"0/V,VIa,VIb"
-0.07755333185195923,AAGCATACTCTCCTGA-1,3/fxs
0.0,AAGCCGAAGCGGTTTA-1,"0/V,VIa,VIb"
-0.07755333185195923,AAGCCGCTTTACCTTG-1,"0/V,VIa,VIb"
0.0,AAGCGCAGGGCTTTGA-1,"7/II,III,IV"
-0.07755333185195923,AAGCGGAGTGCGCGCA-1,9/I
-0.07755333185195923,AAGCGTCCCTCATCGA-1,5/CTXsp
-0.07755333185195923,AAGCTAGATCGAGTAA-1,3/fxs
-0.07755333185195923,AAGCTCGTGCCAAGTC-1,6/TH
0.0,AAGCTCTTTCATGGTG-1,"0/V,VIa,VIb"
-0.07755333185195923,AAGGAGCGGTTGGTGC-1,4/HYL
-0.07755333185195923,AAGGATCGATCGCTTG-1,3/fxs
-0.07755333185195923,AAGGATGAGGGACCTC-1,4/HYL
0.0,AAGGCAGGCTGTCTCC-1,"7/II,III,IV"
-0.07755333185195923,AAGGCGCGTAAAGCTT-1,4/HYL
0.0,AAGGCTGTGCTCATCG-1,4/HYL
-0.5418317317962646,AAGGGACAGATTCTGT-1,2/CA3
-0.07755333185195923,AAGGGACTATGCATTC-1,9/I
-0.07755333185195923,AAGGTATCCTAATATA-1,6/TH
-0.07755333185195923,AAGGTGATAAACCAGC-1,13/CA1-pyramidal layer of the hippocampus
-0.07755333185195923,AAGTAGAAGACCGGGT-1,6/TH
-0.07755333185195923,AAGTAGTGACGCGAGG-1,3/fxs
-0.07755333185195923,AAGTCAATTGTCGTCA-1,3/fxs
-0.07755333185195923,AAGTCTAGTAGCTGCC-1,"0/V,VIa,VIb"
-0.07755333185195923,AAGTCTTCTGTGGCCT-1,10/COA
-0.07755333185195923,AAGTGACGACCGAATT-1,5/CTXsp
-0.07755333185195923,AAGTGAGTCGGGTTTA-1,8/PIR
-0.07755333185195923,AAGTGCAAAGGTAGAC-1,9/I
0.0,AAGTGCCTTGACTGTA-1,"0/V,VIa,VIb"
-0.07755333185195923,AAGTGCGTTAGAATCT-1,5/CTXsp
-0.07755333185195923,AAGTGTTTGGAGACGG-1,3/fxs
-0.07755333185195923,AAGTTCACTCCAAGCT-1,"0/V,VIa,VIb"
-0.07755333185195923,AAGTTCAGTCTGCGTA-1,3/fxs
-0.07755333185195923,AAGTTCGGCCAACAGG-1,8/PIR
-0.07755333185195923,AATAACAACGCTCGGC-1,4/HYL
-0.07755333185195923,AATAACACTAGAACAA-1,8/PIR
-0.07755333185195923,AATACAATGTTTCAGG-1,1/MB
-0.07755333185195923,AATAGAACAGAGTGGC-1,8/PIR
-0.07755333185195923,AATAGAATCTGTTTCA-1,3/fxs
-0.07755333185195923,AATAGCTACCGCGTGC-1,3/fxs
0.0,AATAGTCCGTCCCGAC-1,8/PIR
-0.07755333185195923,AATAGTCGCGAGTCGG-1,9/I
-0.07755333185195923,AATATCCTAGCAAACT-1,5/CTXsp
0.0,AATATCGAATCAATGC-1,"7/II,III,IV"
-0.07755333185195923,AATATCGAGGGTTCTC-1,2/CA3
-0.07755333185195923,AATATTGGAGTATTGA-1,10/COA
-0.07755333185195923,AATCATGTAAAGACTC-1,"0/V,VIa,VIb"
-0.07755333185195923,AATCGCCTCAGCGCCA-1,2/CA3
0.0,AATCGCGCAGAGGACT-1,"0/V,VIa,VIb"
-0.07755333185195923,AATCTAGGTTTACTTG-1,5/CTXsp
-0.07755333185195923,AATCTATGCCGGAGCC-1,13/CA1-pyramidal layer of the hippocampus
-0.07755333185195923,AATCTCTACTGTGGTT-1,10/COA
-0.07755333185195923,AATCTGCGTTGGGACG-1,2/CA3
-0.07755333185195923,AATCTGGCTTTCTAGT-1,5/CTXsp
-0.07755333185195923,AATGACAGCAATGTCT-1,5/CTXsp
-0.07755333185195923,AATGACGTAGGATGTC-1,2/CA3
-0.07755333185195923,AATGACTGTCAGCCGG-1,6/TH
-0.07755333185195923,AATGAGTTCGCATATG-1,1/MB
-0.07755333185195923,AATGATGATACGCTAT-1,2/CA3
-0.07755333185195923,AATGATGCGACTCCTG-1,2/CA3
-0.07755333185195923,AATGCAACCGGGTACC-1,6/TH
-0.07755333185195923,AATGCACCAAGCAATG-1,2/CA3
0.0,AATGGTCCACCGTTCA-1,10/COA
-0.07755333185195923,AATGGTTCTCACAAGC-1,1/MB
-0.07755333185195923,AATGTGCCCGAGGTGT-1,5/CTXsp
-0.07755333185195923,AATTAAAGGTCGGCGT-1,3/fxs
0.0,AATTAACGGATTTCCA-1,8/PIR
-0.07755333185195923,AATTAGCGCTGCAGCG-1,3/fxs
-0.07755333185195923,AATTCATAAGGGATCT-1,9/I
-0.07755333185195923,AATTCCAAGCATGTAC-1,9/I
-0.07755333185195923,AATTCGATTCGAGGAT-1,"7/II,III,IV"
-0.07755333185195923,AATTCTAGAGTTAGGC-1,3/fxs
-0.3932541608810425,AATTGAACGCTCTGGT-1,2/CA3
-0.07755333185195923,ACAAAGAAGGTAGGCC-1,5/CTXsp
-0.07755333185195923,ACAAATCGCACCGAAT-1,3/fxs
-0.07755333185195923,ACAAATGGTAGTGTTT-1,2/CA3
-0.07755333185195923,ACAACAGCATGAGCTA-1,6/TH
-0.07755333185195923,ACAACGGTCCCTGCGA-1,1/MB
-0.07755333185195923,ACAAGCAGTGCCTAGC-1,3/fxs
-0.07755333185195923,ACAAGCTATATGGAAG-1,9/I
-0.07755333185195923,ACAAGGAAATCCGCCC-1,2/CA3
-0.07755333185195923,ACAAGGACAAGAGGTT-1,4/HYL
-0.07755333185195923,ACAAGGATGCTTTAGG-1,"7/II,III,IV"
-0.07755333185195923,ACAAGGGCAGGCTCTG-1,2/CA3
-0.07755333185195923,ACAATAGTCGTACGTT-1,5/CTXsp
-0.07755333185195923,ACAATCCATTTAAACC-1,3/fxs
-0.07755333185195923,ACAATGAATACGGAGA-1,5/CTXsp
-0.07755333185195923,ACAATTGTGTCTCTTT-1,"0/V,VIa,VIb"
-0.07755333185195923,ACAATTTAGGAGGCTC-1,10/COA
-0.07755333185195923,ACAATTTGAGCAGTGG-1,6/TH
-0.07755333185195923,ACAATTTGGCCATATT-1,"7/II,III,IV"
-0.07755333185195923,ACACAAAGACGGGTGG-1,6/TH
-0.07755333185195923,ACACAAATATTCCTAG-1,"0/V,VIa,VIb"
-0.07755333185195923,ACACACCAGGACCAGT-1,13/CA1-pyramidal layer of the hippocampus
-0.07755333185195923,ACACACTTTCTACACG-1,1/MB
-0.07755333185195923,ACACCACATAATTAGC-1,"0/V,VIa,VIb"
-0.07755333185195923,ACACCCAGCATGCAGC-1,6/TH
0.20485162983338034,ACACCCGAGAAATCCG-1,4/HYL
-0.2015693411231041,ACACCGAGCGCTCTTT-1,1/MB
-0.07755333185195923,ACACCTTAAGTAGGGC-1,4/HYL
0.0,ACACCTTACTACTTGC-1,"0/V,VIa,VIb"
-0.07755333185195923,ACACGAGACTCCTTCT-1,6/TH
-0.07755333185195923,ACACGGGAACTTAGGG-1,6/TH
-0.07755333185195923,ACACTCCAATGTCACT-1,1/MB
-0.07755333185195923,ACACTGATCAAGGTGT-1,8/PIR
-0.07755333185195923,ACAGAACTGAGAACAA-1,5/CTXsp
-0.07755333185195923,ACAGCGACATTCTCAT-1,"7/II,III,IV"
-0.07755333185195923,ACAGGCTTGCCCGACT-1,"0/V,VIa,VIb"
-0.07755333185195923,ACAGGTGGAGGTGAGG-1,8/PIR
-0.07755333185195923,ACAGGTGTGTTGTTGC-1,9/I
-0.07755333185195923,ACAGTAATACAACTTG-1,5/CTXsp
-0.07755333185195923,ACAGTATACCGTGGGA-1,"0/V,VIa,VIb"
-0.07755333185195923,ACATAATAAGGCGGTG-1,11/Parafascicular nucleus
0.0,ACATCAGCTGGGACGC-1,10/COA
-0.07755333185195923,ACATCCCGGCCATACG-1,3/fxs
-0.07755333185195923,ACATCCTGGTAACTGT-1,3/fxs
-0.07755333185195923,ACATCGATCGTTTACC-1,4/HYL
-0.07755333185195923,ACATCGGTCAGCCGCG-1,12/VL
1.2358643809954326,ACATCGTATGCAATGG-1,2/CA3
-0.07755333185195923,ACATGGCGCCAAAGTA-1,3/fxs
-0.07755333185195923,ACATTAGTTTATATCC-1,3/fxs
-0.07755333185195923,ACCAAACACCCAGCGA-1,"0/V,VIa,VIb"
-0.07755333185195923,ACCAACACCACACACT-1,3/fxs
-0.07755333185195923,ACCAACGCTTATTTAT-1,8/PIR
-0.07755333185195923,ACCAAGAACGCGTGTC-1,11/Parafascicular nucleus
0.0,ACCAATATGCAAGTTA-1,"0/V,VIa,VIb"
-0.07755333185195923,ACCACAAGTTTCTATC-1,6/TH
-0.07755333185195923,ACCACCAATGTAACAA-1,3/fxs
-0.07755333185195923,ACCACCCTCTCTTCTA-1,"0/V,VIa,VIb"
-0.07755333185195923,ACCACGTGCAGCTATA-1,2/CA3
-0.07755333185195923,ACCAGACCATAACAAC-1,10/COA
-0.25177428126335144,ACCAGTGCGGGAGACG-1,3/fxs
-0.07755333185195923,ACCATATCCGCAATAA-1,4/HYL
-0.07755333185195923,ACCATCCGCCAACTAG-1,5/CTXsp
-0.07755333185195923,ACCATCGTATATGGTA-1,12/VL
-0.07755333185195923,ACCATTAAGGGTGTCA-1,1/MB
-0.07755333185195923,ACCCAACGCCCGTGGC-1,6/TH
-0.07755333185195923,ACCCACCTACATGCTC-1,1/MB
-0.07755333185195923,ACCCATCTTGAGGGTA-1,3/fxs
-0.07755333185195923,ACCCATTTGTCCCTCT-1,9/I
-0.07755333185195923,ACCCGAGCGAAATTAC-1,9/I
-0.07755333185195923,ACCCGGAAACTCCCAG-1,8/PIR
-0.07755333185195923,ACCCGGATGACGCATC-1,2/CA3
-0.07755333185195923,ACCCGGTTACACTTCC-1,3/fxs
0.0,ACCCGTGTCATCAGTA-1,8/PIR
1.1436349272727966,ACCCTATAGGACTGAG-1,1/MB
-0.07755333185195923,ACCCTATGCCATATCG-1,8/PIR
1.553270439306895,ACCCTCCCTTGCTATT-1,3/fxs
-0.07755333185195923,ACCCTGGTAACGCCCT-1,3/fxs
-0.07755333185195923,ACCCTTCATCTGCGAA-1,1/MB
-0.07755333185195923,ACCCTTGCCTGGGTCG-1,"0/V,VIa,VIb"
-0.07755333185195923,ACCGAAGAGTCTGGTT-1,9/I
-0.07755333185195923,ACCGACACATCTCCCA-1,8/PIR
-0.07755333185195923,ACCGACTGAGTCCCAC-1,6/TH
-0.07755333185195923,ACCGATGGTAGCATCG-1,2/CA3
-0.07755333185195923,ACCGCAATAACTGCCT-1,3/fxs
-0.07755333185195923,ACCGCGGTGGAAGTCG-1,"0/V,VIa,VIb"
-0.07755333185195923,ACCGGGCCTTTGTTGA-1,3/fxs
-0.07755333185195923,ACCGTGACCACGTGGG-1,5/CTXsp
-0.07755333185195923,ACCTAAGTACCTTTCA-1,5/CTXsp
-0.07755333185195923,ACCTAATCGACTTCCT-1,4/HYL
0.0,ACCTACAGTATGTGGT-1,"0/V,VIa,VIb"
-0.07755333185195923,ACCTCCGCCCTCGCTG-1,"7/II,III,IV"
-0.07755333185195923,ACCTCCGTTATTCACC-1,3/fxs
-0.07755333185195923,ACCTGCGTGTCATGTT-1,5/CTXsp
-0.3011091947555542,ACGAAATGGGCGGCAC-1,3/fxs
-0.07755333185195923,ACGACTGGTCATACTC-1,9/I
-0.07755333185195923,ACGAGGATACCACTCT-1,5/CTXsp
-0.07755333185195923,ACGAGGTTTACAACGT-1,9/I
-0.07755333185195923,ACGAGTACGGATGCCC-1,2/CA3
-0.07755333185195923,ACGATACATAGAACTA-1,4/HYL
-0.07755333185195923,ACGATCATACATAGAG-1,6/TH
-0.07755333185195923,ACGATCATCTTGTAAA-1,2/CA3
-0.07755333185195923,ACGATGCATATGTTAT-1,3/fxs
-0.07755333185195923,ACGCAAACTAATAGAT-1,"7/II,III,IV"
-0.07755333185195923,ACGCAATCACTACAGC-1,13/CA1-pyramidal layer of the hippocampus
-0.07755333185195923,ACGCATACGTTTACTA-1,"7/II,III,IV"
-0.07755333185195923,ACGCATTCGTGAGTAC-1,6/TH
-0.07755333185195923,ACGCCAGATGATTTCT-1,1/MB
-0.07755333185195923,ACGCCGCTAGACGACC-1,2/CA3
-0.07755333185195923,ACGCGAAGTCAGACGA-1,3/fxs
-0.07755333185195923,ACGCGCTACACAGGGT-1,8/PIR
-0.07755333185195923,ACGCGGGCCAAGGACA-1,6/TH
-0.07755333185195923,ACGCTAGTGATACACT-1,2/CA3
-0.07755333185195923,ACGCTGTGAGGCGTAG-1,10/COA
-0.07755333185195923,ACGGAATTTAGCAAAT-1,1/MB
0.0,ACGGACTCTCAAAGCG-1,"7/II,III,IV"
-0.07755333185195923,ACGGAGCGCAAATTAC-1,3/fxs
0.0,ACGGATGGTGCGGATA-1,"0/V,VIa,VIb"
-0.07755333185195923,ACGGCACTTGCTTGGG-1,8/PIR
-0.07755333185195923,ACGGCCAACATGGACT-1,8/PIR
-0.07755333185195923,ACGGCGACGATGGGAA-1,2/CA3
-0.07755333185195923,ACGGGAGTGTCGGCCC-1,5/CTXsp
-0.07755333185195923,ACGGGCGTATGCGACA-1,3/fxs
-0.889079213142395,ACGGGTCATGTGACTT-1,1/MB
-0.07755333185195923,ACGTAGATTGCTGATG-1,6/TH
-0.07755333185195923,ACGTATTACTCCGATC-1,13/CA1-pyramidal layer of the hippocampus
0.0,ACGTCTCGTTCCGGGA-1,5/CTXsp
-0.07755333185195923,ACGTGACAAAGTAAGT-1,5/CTXsp
-0.07755333185195923,ACGTGCGCCTCGTGCA-1,4/HYL
-0.07755333185195923,ACGTTAATGTCGAAGA-1,3/fxs
-0.07755333185195923,ACGTTAGATTTGCCCG-1,3/fxs
-0.07755333185195923,ACGTTATTGGTCACTC-1,1/MB
-0.07755333185195923,ACGTTCGCAATCAATT-1,3/fxs
-0.07755333185195923,ACGTTCGTTCAGGAAA-1,8/PIR
-0.07755333185195923,ACGTTTAGTTGTGATC-1,1/MB
-0.07755333185195923,ACTAAGGACGCACACC-1,2/CA3
-0.07755333185195923,ACTACCAGCTCTCTGG-1,4/HYL
0.0,ACTACGCGTTAGAATT-1,8/PIR
-0.07755333185195923,ACTAGTTGCGATCGTC-1,"0/V,VIa,VIb"
-0.07755333185195923,ACTATATGCTGTGTTC-1,9/I
-0.07755333185195923,ACTATCCAGGGCATGG-1,3/fxs
-0.07755333185195923,ACTATCGCCGGCTAAA-1,1/MB
-0.07755333185195923,ACTATCTGCCCGCGTA-1,9/I
11.311623573303223,ACTATTCGTCCGTGGT-1,1/MB
-0.07755333185195923,ACTATTTCCGGGCCCA-1,8/PIR
0.0,ACTCAAGTGCAAGGCT-1,"7/II,III,IV"
-0.07755333185195923,ACTCAATAAAGGCACG-1,6/TH
-0.07755333185195923,ACTCCCATTCCTAAAG-1,5/CTXsp
-0.07755333185195923,ACTCCCGAATTCGTTT-1,2/CA3
-0.07755333185195923,ACTCCCGTAGACTAGG-1,"0/V,VIa,VIb"
0.0,ACTCCCTAATGCTAAA-1,"0/V,VIa,VIb"
-0.07755333185195923,ACTCCCTAGAATAGTA-1,2/CA3
-0.07755333185195923,ACTCGATGTATTTCAT-1,1/MB
-0.07755333185195923,ACTCGCGATCTGACGC-1,"7/II,III,IV"
-0.07755333185195923,ACTCGTAACCCGTCCT-1,5/CTXsp
-0.07755333185195923,ACTCGTCAGTAATCCC-1,6/TH
-0.07755333185195923,ACTCTCTGACTTAGGT-1,2/CA3
-0.07755333185195923,ACTCTTCAGCTCCCGC-1,"7/II,III,IV"
-0.07755333185195923,ACTCTTGTATAGTAAC-1,6/TH
-0.07755333185195923,ACTGAAACGCCGTTAG-1,"7/II,III,IV"
-1.1043633818626404,ACTGAATGGCGAAAGT-1,2/CA3
-0.07755333185195923,ACTGCCGTCGTAACTC-1,1/MB
0.0,ACTGCGGACACACCGT-1,"0/V,VIa,VIb"
0.0,ACTGCTCGGAAGGATG-1,5/CTXsp
-0.07755333185195923,ACTGTACGATACACAT-1,6/TH
-0.07755333185195923,ACTGTAGCACTTTGGA-1,4/HYL
-0.07755333185195923,ACTGTCCAGGATTATA-1,4/HYL
-0.07755333185195923,ACTGTCTTCTTTAGAA-1,6/TH
-0.07755333185195923,ACTGTGCTAGTAGATC-1,1/MB
-0.07755333185195923,ACTTACGCATCCACGC-1,"0/V,VIa,VIb"
-0.07755333185195923,ACTTAGTACGACAAGA-1,1/MB
-0.07755333185195923,ACTTATACTTACCCGG-1,2/CA3
-0.07755333185195923,ACTTATTAGGATCGGT-1,4/HYL
-0.07755333185195923,ACTTATTTATGTGCCA-1,2/CA3
-0.07755333185195923,ACTTCAGGCTGATCCC-1,3/fxs
-0.07755333185195923,ACTTCCATGCGGGACA-1,"7/II,III,IV"
-0.07755333185195923,ACTTCGCCATACGCAC-1,6/TH
0.0,ACTTCGCTAGCGAGTG-1,"7/II,III,IV"
-0.07755333185195923,ACTTGACTCCCTCTTT-1,2/CA3
-0.07755333185195923,ACTTGGGACCCGGTGG-1,4/HYL
-0.07755333185195923,ACTTGTAGTCCCTTCA-1,5/CTXsp
-0.07755333185195923,ACTTGTGGATGGAACG-1,"7/II,III,IV"
-0.07755333185195923,ACTTTACCCTCATGAA-1,2/CA3
-0.07755333185195923,ACTTTCCTATAGCTTC-1,6/TH
0.0,ACTTTGACTGCATCCT-1,10/COA
-0.07755333185195923,AGAACCCAGCGTGACA-1,"7/II,III,IV"
-0.07755333185195923,AGAACGTGGTACATTC-1,6/TH
-0.07755333185195923,AGAAGAGCGCCGTTCC-1,9/I
-0.07755333185195923,AGAAGGTACACTTCAC-1,5/CTXsp
-0.07755333185195923,AGAAGGTTGCCGAATT-1,12/VL
0.0,AGAAGGTTGTAGGTCG-1,"7/II,III,IV"
-0.07755333185195923,AGAAGTGATTCGTGAT-1,5/CTXsp
-0.07755333185195923,AGAATAAATCTTCAGG-1,10/COA
-0.07755333185195923,AGAATGCGGGTTCGGA-1,9/I
-0.07755333185195923,AGAATTATGGATTCGA-1,2/CA3
-0.07755333185195923,AGAATTGTTTGACATA-1,1/MB
-0.07755333185195923,AGACAGCTCAGAATCC-1,1/MB
-0.07755333185195923,AGACCAAACCACACCT-1,5/CTXsp
0.6651751200358073,AGACCATGGGATACAA-1,1/MB
-0.07755333185195923,AGACCCACCGCTGATC-1,3/fxs
-0.07755333185195923,AGACCCGCCCTCCTCG-1,6/TH
-0.07755333185195923,AGACCGCTCCGCGGTT-1,"7/II,III,IV"
-0.07755333185195923,AGACCGGGAAACCCTG-1,5/CTXsp
0.0,AGACGAAGTGCCGGTC-1,"0/V,VIa,VIb"
0.0,AGACGACGATGCCGCT-1,5/CTXsp
-0.07755333185195923,AGACTAGCCTTCCAGA-1,4/HYL
-0.07755333185195923,AGACTGTTACCGGGTC-1,5/CTXsp
-0.07755333185195923,AGAGAACCGTCTAGGA-1,4/HYL
-0.07755333185195923,AGAGAAGGAGTACAAT-1,5/CTXsp
-0.07755333185195923,AGAGATCTCTAAAGCG-1,5/CTXsp
-0.07755333185195923,AGAGCAGTTATGAGAC-1,4/HYL
0.0,AGAGCGCTTGTAACGG-1,"0/V,VIa,VIb"
-0.07755333185195923,AGAGCGGGCTAATCAT-1,4/HYL
-1.0443060398101807,AGAGCGTACAAGCTCG-1,1/MB
-0.07755333185195923,AGAGCTACGAAAGCAT-1,3/fxs
-0.07755333185195923,AGAGGCTTCGGAAACC-1,"0/V,VIa,VIb"
0.0,AGAGTAAACTTCACTA-1,"0/V,VIa,VIb"
-0.07755333185195923,AGAGTATAGTGTTACG-1,"0/V,VIa,VIb"
-0.07755333185195923,AGATAACTTCAGGGCC-1,4/HYL
-0.07755333185195923,AGATACCAGCACTTCA-1,"0/V,VIa,VIb"
-0.07755333185195923,AGATACCGGTGTTCAC-1,12/VL
-0.07755333185195923,AGATACGACTTCATAT-1,1/MB
7.375166575113933,AGATACTCAAGATCGA-1,2/CA3
0.0,AGATATAATACGACTA-1,"7/II,III,IV"
-0.07755333185195923,AGATCGTGCATAAGAT-1,2/CA3
-0.07755333185195923,AGATCTCAGGTGTGAT-1,6/TH
-0.07755333185195923,AGATGACTCGCCCACG-1,11/Parafascicular nucleus
-0.07755333185195923,AGATGAGGGTTGCGAT-1,9/I
-0.07755333185195923,AGATGATGGAGTCTGG-1,13/CA1-pyramidal layer of the hippocampus
-0.07755333185195923,AGATGCAAGACGTGCA-1,5/CTXsp
-0.07755333185195923,AGATGCATCCTGTGTC-1,5/CTXsp
-0.07755333185195923,AGATTATAGGACGTTT-1,4/HYL
-0.07755333185195923,AGATTCACAACCGATA-1,5/CTXsp
0.0,AGCAAAGGCCGCTAGT-1,"0/V,VIa,VIb"
-0.07755333185195923,AGCAACATATCTTATT-1,2/CA3
-0.07755333185195923,AGCAACCGAAAGTAAT-1,5/CTXsp
-0.07755333185195923,AGCACCAGTACTCACG-1,6/TH
0.0,AGCACTACCGGCCTGT-1,10/COA
-0.07755333185195923,AGCACTACCTCACCAG-1,3/fxs
-0.07755333185195923,AGCACTTAAGGACGCC-1,4/HYL
-0.07755333185195923,AGCAGAAGGAGAAAGA-1,"7/II,III,IV"
0.0,AGCAGCCAGATGAATA-1,8/PIR
0.0,AGCATATCAATATGCT-1,"0/V,VIa,VIb"
-0.07755333185195923,AGCATCATTTCGAAAG-1,5/CTXsp
-0.07755333185195923,AGCATCGTCGATAATT-1,6/TH
-0.07755333185195923,AGCCAAGCTTTGTGTC-1,"7/II,III,IV"
-0.07755333185195923,AGCCACAGGTTACCCG-1,"7/II,III,IV"
-0.07755333185195923,AGCCACTCCCGTGCTT-1,4/HYL
-0.07755333185195923,AGCCCATACATGTAAG-1,5/CTXsp
0.0,AGCCCGGTAGCCTGTA-1,8/PIR
-0.07755333185195923,AGCCCTAAGCGAAGTT-1,1/MB
-0.07755333185195923,AGCCCTGTCGCACCGT-1,"7/II,III,IV"
-0.07755333185195923,AGCCCTTCTAATCCGA-1,3/fxs
-0.07755333185195923,AGCCGCAAATTCAAAT-1,10/COA
-0.07755333185195923,AGCCGTGGCTAAATGT-1,5/CTXsp
-0.07755333185195923,AGCCTAATACCCACGT-1,5/CTXsp
-0.07755333185195923,AGCCTTAAAGCGGAAG-1,1/MB
-0.07755333185195923,AGCGACAGGAACGGTC-1,8/PIR
0.0,AGCGACATCCCATTCA-1,11/Parafascicular nucleus
-0.07755333185195923,AGCGACCAACGATATT-1,6/TH
0.0,AGCGCATAATGAATCG-1,8/PIR
-0.07755333185195923,AGCGCGGGTGCCAATG-1,2/CA3
-0.07755333185195923,AGCGCTAGAGCGATGT-1,"7/II,III,IV"
0.0,AGCGGACACTTCGTAG-1,8/PIR
-0.07755333185195923,AGCGGCGGTTAGCGGT-1,5/CTXsp
-0.07755333185195923,AGCGGGAAGGGTCCAT-1,1/MB
-0.07755333185195923,AGCGGGTCTGACACTC-1,9/I
-0.07755333185195923,AGCGGTTGCCGCTCTG-1,"0/V,VIa,VIb"
-0.07755333185195923,AGCGTGGTATTCTACT-1,2/CA3
-0.07755333185195923,AGCTAACAAGCAATGT-1,5/CTXsp
-0.07755333185195923,AGCTAAGTACGCAGGC-1,"7/II,III,IV"
-0.07755333185195923,AGCTAGAAGCAGAAGT-1,2/CA3
-0.07755333185195923,AGCTATTTAATCCAAC-1,1/MB
-0.07755333185195923,AGCTCCTTCGCACATC-1,"0/V,VIa,VIb"
-0.07755333185195923,AGCTCGTTGATGGAAA-1,"0/V,VIa,VIb"
-0.07755333185195923,AGCTCTAGACGTTCCA-1,6/TH
-0.07755333185195923,AGCTCTTCCCAGTGCA-1,4/HYL
-0.07755333185195923,AGCTCTTCGTAACCTT-1,3/fxs
-0.07755333185195923,AGCTCTTTACTCAGTT-1,3/fxs
-0.07755333185195923,AGCTGAAGTAAACCAA-1,4/HYL
-0.07755333185195923,AGCTGTAACCTCAATC-1,8/PIR
-0.07755333185195923,AGCTTGATCTTAACTT-1,10/COA
-0.07755333185195923,AGGAAGCTGTCCGCCG-1,8/PIR
-0.07755333185195923,AGGACAGTCGAATCCC-1,2/CA3
-0.07755333185195923,AGGACATCGCACGTCG-1,1/MB
0.0,AGGACGACCCATTAGA-1,12/VL
-0.07755333185195923,AGGACGCTCGATGTTG-1,"0/V,VIa,VIb"
-0.07755333185195923,AGGACTTATAGGAGAA-1,1/MB
-0.07755333185195923,AGGAGACATCCACAGT-1,"0/V,VIa,VIb"
-0.07755333185195923,AGGAGAGTCTGGCTAC-1,"0/V,VIa,VIb"
0.0,AGGAGGCCTTCGCGCG-1,"0/V,VIa,VIb"
-0.07755333185195923,AGGATAAAGTCGGGAT-1,3/fxs
-0.07755333185195923,AGGATATAGGGATTTA-1,3/fxs
-0.07755333185195923,AGGATCACGCGATCTG-1,5/CTXsp
-0.07755333185195923,AGGATTGCTTACGACA-1,"0/V,VIa,VIb"
-0.07755333185195923,AGGCAGATGCGTAAAC-1,6/TH
0.0,AGGCAGGGAGCGTACT-1,8/PIR
-0.07755333185195923,AGGCATTGTCGTAGGG-1,"0/V,VIa,VIb"
-0.07755333185195923,AGGCCACCCGTTATGA-1,4/HYL
-0.07755333185195923,AGGCCCATTGTACAGG-1,11/Parafascicular nucleus
-0.07755333185195923,AGGCCCTAGAACGCCA-1,5/CTXsp
0.0,AGGCCTGAGAATCTCG-1,"7/II,III,IV"
-0.07755333185195923,AGGCGGTTTGTCCCGC-1,9/I
-0.07755333185195923,AGGCGTCTATGGACGG-1,"0/V,VIa,VIb"
-0.07755333185195923,AGGCTATGGTTAGCTT-1,4/HYL
-0.07755333185195923,AGGCTTCCCGAAGAAG-1,8/PIR
-0.07755333185195923,AGGCTTGCTAGACACC-1,1/MB
-0.07755333185195923,AGGGACCGGCTGCGTT-1,3/fxs
0.0,AGGGACTCTACGCGAC-1,8/PIR
-0.07755333185195923,AGGGAGACATACTTCG-1,3/fxs
-0.07755333185195923,AGGGCGAGCAGCTGAT-1,5/CTXsp
-0.07755333185195923,AGGGCGTGATCGGCTA-1,1/MB
-0.07755333185195923,AGGGCTGCAGTTACAG-1,4/HYL
-0.07755333185195923,AGGGTCAGTAACCCTA-1,"0/V,VIa,VIb"
-0.07755333185195923,AGGGTCGATGCGAACT-1,2/CA3
-0.07755333185195923,AGGGTGCTCTCGAGGG-1,2/CA3
-0.07755333185195923,AGGGTGGATAGTGCAT-1,10/COA
-0.07755333185195923,AGGGTTCCCTTTGGTT-1,2/CA3
-0.07755333185195923,AGGGTTTAGTTCGGGA-1,6/TH
-0.07755333185195923,AGGTAACCTCCTATTC-1,1/MB
-0.07755333185195923,AGGTAGATCGAGATAT-1,9/I
-0.07755333185195923,AGGTAGGTACAAAGCT-1,3/fxs
-0.07755333185195923,AGGTATAATTGATAGT-1,2/CA3
-0.07755333185195923,AGGTATGCGGACATTA-1,"7/II,III,IV"
-0.07755333185195923,AGGTCAGGTGAGAGTG-1,5/CTXsp
-0.07755333185195923,AGGTCGCGGAGTTACT-1,2/CA3
-0.07755333185195923,AGGTGGTGACCTTCGC-1,"7/II,III,IV"
-0.07755333185195923,AGGTGTATCGCCATGA-1,10/COA
0.0,AGGTTACACCATGCCG-1,"0/V,VIa,VIb"
-0.07755333185195923,AGGTTGAGGCACGCTT-1,11/Parafascicular nucleus
-0.07755333185195923,AGGTTTCACACACCTT-1,4/HYL
-0.07755333185195923,AGTAATGTCTTGCCGC-1,4/HYL
-0.07755333185195923,AGTACATCATTTATCA-1,13/CA1-pyramidal layer of the hippocampus
-0.07755333185195923,AGTACGGCCCGTATCG-1,10/COA
-0.07755333185195923,AGTACGGGCACCTGGC-1,6/TH
0.0,AGTACTCTTATGCCCA-1,"0/V,VIa,VIb"
-0.07755333185195923,AGTAGGAAGGAAGTTG-1,"0/V,VIa,VIb"
-0.07755333185195923,AGTAGGTAACATACAT-1,1/MB
-0.07755333185195923,AGTATAATACTAGGCA-1,4/HYL
-0.07755333185195923,AGTATACACAGCGACA-1,5/CTXsp
-0.07755333185195923,AGTATGCTGGAGACCA-1,5/CTXsp
0.0,AGTATTTGGCACGACC-1,8/PIR
-0.07755333185195923,AGTCAACACCACCATC-1,3/fxs
-0.07755333185195923,AGTCAAGATGACACTT-1,3/fxs
-0.07755333185195923,AGTCACTAGCTCTCGA-1,"7/II,III,IV"
-0.07755333185195923,AGTCAGCCACCGCCTG-1,1/MB
-0.07755333185195923,AGTCCATTGGCTGATG-1,2/CA3
-0.07755333185195923,AGTCCCGCCTTTAATT-1,9/I
-0.07755333185195923,AGTCCCTCGCAGAAAG-1,"0/V,VIa,VIb"
-0.07755333185195923,AGTCGACGGTCTCAAG-1,2/CA3
-0.07755333185195923,AGTCGGCCCAAACGAC-1,4/HYL
-0.07755333185195923,AGTCGGCTCAACTTTA-1,5/CTXsp
0.0,AGTCGGTTGCGTGAGA-1,"0/V,VIa,VIb"
-0.07755333185195923,AGTCGTATAAAGCAGA-1,"7/II,III,IV"
0.0,AGTCGTCGACCACCAA-1,"0/V,VIa,VIb"
-0.07755333185195923,AGTCGTGGGCATTACG-1,5/CTXsp
-0.07755333185195923,AGTCTAAAGTATACTC-1,13/CA1-pyramidal layer of the hippocampus
-0.07755333185195923,AGTCTCACAAGACTAC-1,8/PIR
-0.07755333185195923,AGTCTGGACATCCTTG-1,1/MB
-0.07755333185195923,AGTCTTCTCCTCAAAT-1,6/TH
-0.07755333185195923,AGTCTTTAAAGTGTCC-1,"7/II,III,IV"
-0.07755333185195923,AGTGAACAAACTTCTC-1,3/fxs
-0.07755333185195923,AGTGAAGATGGTGTCC-1,3/fxs
-0.07755333185195923,AGTGACCTACTTTACG-1,3/fxs
-0.07755333185195923,AGTGAGACTTCCAGTA-1,2/CA3
-0.07755333185195923,AGTGAGCCTCGCCGCC-1,2/CA3
-0.07755333185195923,AGTGATAACCTGCGCG-1,"7/II,III,IV"
-0.07755333185195923,AGTGATATGAGTAGTT-1,12/VL
-0.07755333185195923,AGTGATTCAAGCAGGA-1,2/CA3
-0.07755333185195923,AGTGCACGCTTAAGAA-1,"0/V,VIa,VIb"
0.0,AGTGCTAAACACAGCA-1,"7/II,III,IV"
-0.07755333185195923,AGTGCTTGCACGAATA-1,2/CA3
-2.8624773621559143,AGTGGCGGCAATTTGA-1,2/CA3
-0.07755333185195923,AGTGGCGTCTGAAGGT-1,"7/II,III,IV"
-0.07755333185195923,AGTGGCTCCGTCGGCC-1,5/CTXsp
-0.07755333185195923,AGTGGTGTTACCCGTG-1,5/CTXsp
-0.07755333185195923,AGTGGTTGCGTATAGG-1,10/COA
-0.07755333185195923,AGTGTATTGCGCATTG-1,9/I
-0.07755333185195923,AGTGTGCTAAGATCGC-1,1/MB
-0.07755333185195923,AGTGTGGTCTATTGTG-1,1/MB
-0.07755333185195923,AGTTAAACACTTGCGA-1,3/fxs
10.745718320210775,AGTTAAGCGGTCCCGG-1,1/MB
-0.07755333185195923,AGTTAAGTCAACCGCT-1,5/CTXsp
-0.07755333185195923,AGTTACCCTTAAGACT-1,1/MB
-0.07755333185195923,AGTTACCGCACATGGT-1,4/HYL
-0.07755333185195923,AGTTCACCGGTTGGAC-1,1/MB
-0.07755333185195923,AGTTCCTACAGAATTA-1,4/HYL
-0.07755333185195923,AGTTCCTATTTATGTT-1,3/fxs
18.41041882832845,AGTTCTGCGTTGTATC-1,1/MB
-0.07755333185195923,AGTTGACGGTCCTTGC-1,"7/II,III,IV"
-0.07755333185195923,AGTTGCTGACTGATAT-1,1/MB
-0.07755333185195923,AGTTTATGTAAAGACA-1,"0/V,VIa,VIb"
-0.07755333185195923,AGTTTCGCAGGTCGGA-1,1/MB
0.0,AGTTTGCACCTGCCTC-1,"0/V,VIa,VIb"
-0.07755333185195923,AGTTTGGCACGGGTTG-1,"0/V,VIa,VIb"
-0.07755333185195923,AGTTTGGCCAGACCTA-1,5/CTXsp
-0.07755333185195923,ATAAACGGACCCGTAA-1,3/fxs
-0.07755333185195923,ATAAACGTTGCACCAC-1,9/I
-0.07755333185195923,ATAAAGGCTCGGTCGT-1,4/HYL
-0.07755333185195923,ATAAATATTAGCAGCT-1,3/fxs
-0.07755333185195923,ATAACGCCGGAGGGTC-1,6/TH
-0.07755333185195923,ATAACGGAGTCCAACG-1,6/TH
1.5746131936709087,ATAAGGTGGAGAACAT-1,3/fxs
-0.07755333185195923,ATAAGTAGGATTCAGA-1,2/CA3
-0.07755333185195923,ATAAGTAGGGCGACTC-1,2/CA3
-0.07755333185195923,ATAAGTTACCGCGACG-1,12/VL
-0.07755333185195923,ATAATACCGTTAGCCG-1,1/MB
-0.07755333185195923,ATAATAGCTGTTGAAT-1,2/CA3
-0.07755333185195923,ATAATAGTGTAGGGAC-1,4/HYL
-0.07755333185195923,ATAATCTTGGAGAACC-1,"7/II,III,IV"
-0.07755333185195923,ATAATTAGCTAAGTAG-1,"7/II,III,IV"
0.0,ATACAGGCCCTCCAAT-1,"0/V,VIa,VIb"
-0.07755333185195923,ATACCACGGGCAACTT-1,3/fxs
-0.07755333185195923,ATACCGTCATCCATAA-1,"0/V,VIa,VIb"
0.0,ATACCTAACCAAGAAA-1,"0/V,VIa,VIb"
-0.07755333185195923,ATACGAAGGCTTTCCA-1,"7/II,III,IV"
-0.07755333185195923,ATACGCCGGCGAAACC-1,2/CA3
-0.07755333185195923,ATACGGAACGTCGTTT-1,5/CTXsp
-0.07755333185195923,ATACGGGTTTCGATTG-1,4/HYL
0.0,ATACGGTGAAGATGCA-1,10/COA
0.0,ATACGTACTTAGCCAC-1,"0/V,VIa,VIb"
21.75002670288086,ATACGTCCACTCCTGT-1,3/fxs
0.0,ATACGTTATGCACGGA-1,8/PIR
0.0,ATACTAGCATGACCCT-1,11/Parafascicular nucleus
-0.07755333185195923,ATACTGCCTTACACCG-1,"0/V,VIa,VIb"
-0.07755333185195923,ATACTTGTTCTCGAGC-1,10/COA
0.4765841762224833,ATAGACAACGGGACCT-1,2/CA3
-0.07755333185195923,ATAGACGAAGAGAAAG-1,4/HYL
-0.07755333185195923,ATAGAGTACTGGGACA-1,4/HYL
10.86872418721517,ATAGAGTTATCAACTT-1,2/CA3
-0.07755333185195923,ATAGCCTCAGTACCCA-1,1/MB
-0.07755333185195923,ATAGCTGCTCTTGTTA-1,1/MB
-0.07755333185195923,ATAGGCGGCTATAGAA-1,8/PIR
0.792076031366984,ATAGGCTAGCTTCGCA-1,2/CA3
-0.07755333185195923,ATAGGGATATCCTTGA-1,11/Parafascicular nucleus
-0.07755333185195923,ATAGGTTGGGCAGATG-1,6/TH
-0.07755333185195923,ATAGTGAAGCGTTCTC-1,4/HYL
-0.07755333185195923,ATAGTTCCACCCACTC-1,13/CA1-pyramidal layer of the hippocampus
0.0,ATATAAAGCGCTCGTG-1,"0/V,VIa,VIb"
-0.07755333185195923,ATATAAATGTAGCTGC-1,3/fxs
-0.07755333185195923,ATATACATGTATGGTA-1,5/CTXsp
-0.07755333185195923,ATATCAACCTACAGAG-1,13/CA1-pyramidal layer of the hippocampus
-0.07755333185195923,ATATCAATTCCAGCCT-1,9/I
-0.07755333185195923,ATATCGGTAGGGAGAT-1,3/fxs
-0.07755333185195923,ATATCGTTCCTCGAAC-1,"7/II,III,IV"
-0.07755333185195923,ATATCTCCCTCGTTAA-1,4/HYL
-0.07755333185195923,ATATCTTAGGGCCTTC-1,4/HYL
-0.07755333185195923,ATATGTCTCCCTAGCC-1,2/CA3
-0.07755333185195923,ATATTCCACATAGTGA-1,3/fxs
0.0,ATATTGCTGTCAAAGT-1,1/MB
-0.07755333185195923,ATATTTAACCCTCAAG-1,6/TH
-0.07755333185195923,ATCAAACACTGTTCCA-1,"0/V,VIa,VIb"
-0.07755333185195923,ATCAAACGAAGGTTTG-1,8/PIR
-0.07755333185195923,ATCAATCTGGGCTGCA-1,6/TH
-0.07755333185195923,ATCACATTAGAATATC-1,4/HYL
-0.07755333185195923,ATCACGTGCTAATTAA-1,8/PIR
-0.07755333185195923,ATCACTTCATCCTCGC-1,11/Parafascicular nucleus
0.0,ATCAGACGGCACGCCG-1,12/VL
-0.07755333185195923,ATCAGCCTCATGCTGC-1,"0/V,VIa,VIb"
-0.07755333185195923,ATCAGCTCGTCCACTA-1,5/CTXsp
0.0,ATCAGGTAGCTGACAG-1,"7/II,III,IV"
-0.07755333185195923,ATCAGTAGGCAGGGAT-1,4/HYL
-0.07755333185195923,ATCATCCAATATTTGT-1,4/HYL
-0.07755333185195923,ATCCAACGCAGTCATA-1,4/HYL
-0.07755333185195923,ATCCAATGGAGGGTCC-1,5/CTXsp
-0.07755333185195923,ATCCAATGGTACCGAA-1,10/COA
0.0,ATCCACATCGACAGAA-1,"7/II,III,IV"
-0.07755333185195923,ATCCAGAGCAACAACC-1,3/fxs
-0.07755333185195923,ATCCAGGATTCGTGAA-1,3/fxs
-0.07755333185195923,ATCCTACCTAAGCTCT-1,12/VL
-0.07755333185195923,ATCCTGAATCGCTGCG-1,10/COA
0.0,ATCCTGCGTGGAATGG-1,12/VL
-0.07755333185195923,ATCGACCCAATACAGA-1,3/fxs
0.0,ATCGACTCTTTCCGTT-1,6/TH
-0.07755333185195923,ATCGCACGCCGGGAGA-1,6/TH
0.0,ATCGCCAGTCAACATT-1,"0/V,VIa,VIb"
-0.07755333185195923,ATCGCTGCGTGCAGCA-1,3/fxs
-0.07755333185195923,ATCGCTTTACGTCTCA-1,"7/II,III,IV"
-0.07755333185195923,ATCGGAGACAGACGGC-1,3/fxs
-0.07755333185195923,ATCGGCAAGCAGTCCA-1,2/CA3
-0.07755333185195923,ATCGGTTACCTAGTAA-1,10/COA
-0.07755333185195923,ATCGTTAGCTAGCGGA-1,"7/II,III,IV"
-0.07755333185195923,ATCTAATATCCTACGG-1,3/fxs
-0.07755333185195923,ATCTAGCTTGTGAGGG-1,9/I
-0.07755333185195923,ATCTCCCTGCAATCTA-1,1/MB
-0.07755333185195923,ATCTCGTGAGCGAAAC-1,"7/II,III,IV"
-0.07755333185195923,ATCTGACATGGAAGGA-1,5/CTXsp
-0.07755333185195923,ATCTGATAGTGTCTTA-1,1/MB
-0.07755333185195923,ATCTGCACCTCTGCGA-1,2/CA3
-0.07755333185195923,ATCTGCTGTTATCGCC-1,9/I
0.0,ATCTGGGCTGTTCTTG-1,"0/V,VIa,VIb"
-0.07755333185195923,ATCTGGTTAAGACTGT-1,6/TH
0.0,ATCTGTAATTGTACCC-1,11/Parafascicular nucleus
-0.07755333185195923,ATCTTGACCTGCAACG-1,4/HYL
-0.07755333185195923,ATCTTGACTTGTCCAA-1,2/CA3
-0.07755333185195923,ATCTTTCGTATAACCA-1,"0/V,VIa,VIb"
-0.07755333185195923,ATGAAGCCAAGGAGCC-1,4/HYL
-0.07755333185195923,ATGACGCCGGCTCTAA-1,4/HYL
-0.07755333185195923,ATGACGCGTTCTATCC-1,5/CTXsp
-0.07755333185195923,ATGACTATCAGCTGTG-1,5/CTXsp
-0.07755333185195923,ATGACTATGCGACATT-1,3/fxs
-0.07755333185195923,ATGAGGAGTGTTAATC-1,4/HYL
0.0,ATGAGGGCAGCGGCTA-1,"7/II,III,IV"
-0.07755333185195923,ATGATCGGGAATAGAC-1,11/Parafascicular nucleus
-0.07755333185195923,ATGATGCAATGGTACA-1,3/fxs
-0.07755333185195923,ATGCACCTTCCTTAAT-1,1/MB
-0.07755333185195923,ATGCACTACCGCATTG-1,4/HYL
-0.07755333185195923,ATGCATGATCCAGGAT-1,6/TH
-0.07755333185195923,ATGCCAATCGCTCTGC-1,"0/V,VIa,VIb"
-0.07755333185195923,ATGCCATTTGCGACCA-1,13/CA1-pyramidal layer of the hippocampus
-0.07755333185195923,ATGCCGGTCTTGCATA-1,6/TH
-0.07755333185195923,ATGCCGGTTGATGGGA-1,4/HYL
-0.07755333185195923,ATGCGACAATTGGTCC-1,9/I
-0.07755333185195923,ATGCGACAGTCCCATT-1,6/TH
-0.07755333185195923,ATGCGAGTCCCACCAC-1,"0/V,VIa,VIb"
-0.07755333185195923,ATGCTCAGTGTTGCAT-1,1/MB
-0.07755333185195923,ATGCTCTGGCGCGGTA-1,"0/V,VIa,VIb"
-0.07755333185195923,ATGGAAATTTAAGGAG-1,5/CTXsp
0.0,ATGGAACCTTTGCACA-1,"7/II,III,IV"
-0.07755333185195923,ATGGAGCAGGCCGTGA-1,6/TH
-0.07755333185195923,ATGGATCCGGCGTCCG-1,4/HYL
-0.07755333185195923,ATGGATTGACCAAACG-1,6/TH
-0.07755333185195923,ATGGCAGCCGAGAAAC-1,10/COA
-0.07755333185195923,ATGGCGGAATAGTCGC-1,"7/II,III,IV"
-0.07755333185195923,ATGGGACCTGCTGAAC-1,5/CTXsp
-0.07755333185195923,ATGGGCCTCGGCCTCT-1,13/CA1-pyramidal layer of the hippocampus
-0.07755333185195923,ATGGTCGCGTGGTTTC-1,2/CA3
-0.07755333185195923,ATGTAAGGCTGCTCTT-1,2/CA3
-0.07755333185195923,ATGTACGATGACGTCG-1,"7/II,III,IV"
-0.07755333185195923,ATGTCATTTCCCATTG-1,1/MB
-0.07755333185195923,ATGTGAAAGCCTAATG-1,5/CTXsp
0.0,ATGTGCATCCGACGCA-1,6/TH
-0.07755333185195923,ATGTGGACATCTTGAT-1,2/CA3
-0.07755333185195923,ATGTTACGAGCAATAC-1,1/MB
0.5034365157286326,ATGTTCCTGCCCACCT-1,1/MB
-0.07755333185195923,ATGTTCGTCGACCCAC-1,10/COA
-0.07755333185195923,ATGTTGTAGTCTGTTT-1,9/I
0.0,ATGTTTCGGCCCGGAG-1,"7/II,III,IV"
-0.07755333185195923,ATTAAACATGCGGACC-1,3/fxs
-0.07755333185195923,ATTAACACCTGAGATA-1,1/MB
-0.07755333185195923,ATTAATACTACGCGGG-1,11/Parafascicular nucleus
-0.07755333185195923,ATTAATGAACCAGTCG-1,6/TH
-0.07755333185195923,ATTAATTCGGTCACTC-1,1/MB
-0.07755333185195923,ATTACATGTCAGTCTT-1,"7/II,III,IV"
-0.07755333185195923,ATTACCACACTGCCTG-1,"7/II,III,IV"
-0.07755333185195923,ATTACGACTCCACAGT-1,"0/V,VIa,VIb"
-0.07755333185195923,ATTACGCGCTGGCAGG-1,8/PIR
-0.07755333185195923,ATTACTAGCCTCTTGC-1,4/HYL
-0.07755333185195923,ATTACTTACTGGGCAT-1,2/CA3
-0.07755333185195923,ATTAGATTCCTCAGCA-1,2/CA3
-0.07755333185195923,ATTAGATTGATAGCGG-1,6/TH
-0.07755333185195923,ATTAGGCGATGCTTTC-1,6/TH
-0.07755333185195923,ATTATACTTTGCTCGT-1,1/MB
-0.07755333185195923,ATTATAGCTACTTTAC-1,"0/V,VIa,VIb"
-0.07755333185195923,ATTATGCCATAGGGAG-1,11/Parafascicular nucleus
-0.07755333185195923,ATTATTATGTCCGTCA-1,5/CTXsp
-0.07755333185195923,ATTCAACCATTTAAGG-1,"7/II,III,IV"
-0.07755333185195923,ATTCACTGATGTTGGA-1,"0/V,VIa,VIb"
-0.07755333185195923,ATTCAGGACCTATTTC-1,2/CA3
-0.07755333185195923,ATTCAGTAGCAGGGTC-1,4/HYL
-0.07755333185195923,ATTCATATACTGTCCA-1,3/fxs
-0.07755333185195923,ATTCATCGTTGAGGCA-1,"7/II,III,IV"
-0.07755333185195923,ATTCCCACATAAACAA-1,4/HYL
-0.07755333185195923,ATTCCTAAGACGTGGA-1,"0/V,VIa,VIb"
-0.07755333185195923,ATTCCTCCGCCAGTGC-1,4/HYL
-0.07755333185195923,ATTCGACGCCGGGCCT-1,10/COA
-0.07755333185195923,ATTCGCAGAGGACACT-1,"0/V,VIa,VIb"
-0.07755333185195923,ATTCGTGCTATCTCTT-1,"0/V,VIa,VIb"
-0.07755333185195923,ATTGAAGATCTTAGTG-1,4/HYL
-0.07755333185195923,ATTGACCGGCGATGAC-1,3/fxs
-0.07755333185195923,ATTGATAGCAACGAGA-1,1/MB
-0.07755333185195923,ATTGATCACCACATTT-1,5/CTXsp
-0.07755333185195923,ATTGATGAGTCCTAAC-1,2/CA3
-0.07755333185195923,ATTGCCTTTATGTTTG-1,"7/II,III,IV"
-0.07755333185195923,ATTGCGATCAGTAACT-1,"0/V,VIa,VIb"
-0.07755333185195923,ATTGCTGCTCCTCCAT-1,3/fxs
-0.07755333185195923,ATTGGATTACAGCGTA-1,"7/II,III,IV"
-0.07755333185195923,ATTGGGAATATCTTGG-1,1/MB
-0.07755333185195923,ATTGTACAACTCGGCT-1,2/CA3
-0.07755333185195923,ATTGTCGCAATACCTT-1,1/MB
-0.07755333185195923,ATTTAACTCGTATTAC-1,1/MB
-0.07755333185195923,ATTTACAGTTTACTGG-1,4/HYL
-0.07755333185195923,ATTTACTAAGTCCATT-1,2/CA3
-0.07755333185195923,ATTTCATTATTTCGCG-1,1/MB
-0.07755333185195923,ATTTCCGGGTTCTGCG-1,8/PIR
-0.07755333185195923,ATTTGCGCGAGTAGCT-1,8/PIR
-0.07755333185195923,ATTTGTCTTGGGAGCT-1,2/CA3
0.0,ATTTGTTCCAGGGCTC-1,11/Parafascicular nucleus
0.0,CAAACGAGTATCGCAG-1,12/VL
-0.07755333185195923,CAAACGGTCGCACTTT-1,4/HYL
0.0,CAAACTCGCGACGCCG-1,"0/V,VIa,VIb"
-0.07755333185195923,CAAAGATTATTGGGCC-1,5/CTXsp
-0.07755333185195923,CAAATCTCTCACAAGG-1,5/CTXsp
-0.07755333185195923,CAAATGTCCTTCCGTG-1,12/VL
-0.07755333185195923,CAAATTGGATTATGCC-1,3/fxs
-0.07755333185195923,CAAATTGTCAGCAAGC-1,1/MB
-0.07755333185195923,CAACACATCTCCTGCC-1,"0/V,VIa,VIb"
0.0,CAACCTGAACCTGCCA-1,"0/V,VIa,VIb"
-0.07755333185195923,CAACGACCCGTTTACA-1,6/TH
-1.1479852795600891,CAACGGTTCTTGATAC-1,1/MB
0.19010176012913382,CAACTATATCGAATGC-1,1/MB
-0.07755333185195923,CAACTCCGTAACTTGC-1,"0/V,VIa,VIb"
-0.07755333185195923,CAACTCCTTGATCCCG-1,1/MB
0.0,CAACTGCTCATCCGAT-1,8/PIR
0.0,CAAGACTCAGAAGCGC-1,"7/II,III,IV"
0.0,CAAGAGGGCGGAGTAC-1,2/CA3
-0.07755333185195923,CAAGATATTATAACGT-1,13/CA1-pyramidal layer of the hippocampus
-0.07755333185195923,CAAGCAACGTCGGAGT-1,4/HYL
-0.07755333185195923,CAAGCACCAAATGCCT-1,11/Parafascicular nucleus
-0.07755333185195923,CAAGCGGCACATAATT-1,3/fxs
-0.07755333185195923,CAAGGATCGCATGTTC-1,4/HYL
-0.07755333185195923,CAAGGTCCTATAGGCT-1,2/CA3
-0.07755333185195923,CAAGTGTGGTTGCAAA-1,2/CA3
-0.07755333185195923,CAATAAACCTTGGCCC-1,6/TH
-0.07755333185195923,CAATACGAGAGTCTGA-1,"7/II,III,IV"
-0.07755333185195923,CAATACGCTCTGAGGC-1,10/COA
-0.07755333185195923,CAATATTCTTGACCTA-1,8/PIR
-0.07755333185195923,CAATCCTGCCGTGGAG-1,1/MB
-0.07755333185195923,CAATGAGGTTCGACTA-1,"0/V,VIa,VIb"
-0.07755333185195923,CAATGCGAGAAGTATC-1,"0/V,VIa,VIb"
-0.07755333185195923,CAATGGATCTCTACCA-1,6/TH
-0.07755333185195923,CAATGTGCCAACCCTT-1,"0/V,VIa,VIb"
-0.07755333185195923,CAATTAAGGGTGATGA-1,6/TH
-0.07755333185195923,CAATTTCGTATAAGGG-1,4/HYL
-0.07755333185195923,CACAAGAAAGATATTA-1,"0/V,VIa,VIb"
-0.07755333185195923,CACAATGAGCTGCTAT-1,3/fxs
-0.07755333185195923,CACACACGCTAACGAG-1,"7/II,III,IV"
-0.07755333185195923,CACACAGCTTGCGCTC-1,"7/II,III,IV"
-0.07755333185195923,CACACAGGGATAGATT-1,1/MB
-0.07755333185195923,CACACGCGCTGTCTTA-1,2/CA3
-0.07755333185195923,CACAGCACCCACGGCA-1,6/TH
-0.07755333185195923,CACAGCTAGGGAGTGA-1,11/Parafascicular nucleus
-0.07755333185195923,CACAGGGCCATATAGT-1,"7/II,III,IV"
-0.07755333185195923,CACAGGGCCGTTGTCA-1,8/PIR
0.0,CACATATTAGCAGGAT-1,2/CA3
-0.07755333185195923,CACATCGTGCACGCGC-1,5/CTXsp
0.0,CACATCTCACCGACGA-1,"0/V,VIa,VIb"
-0.07755333185195923,CACATGATTCAGCAAC-1,4/HYL
-0.07755333185195923,CACATGTTTGGACATG-1,1/MB
-0.07755333185195923,CACATTCTTTCGATGG-1,4/HYL
0.0,CACATTTCTTGTCAGA-1,"0/V,VIa,VIb"
-0.07755333185195923,CACCAATCATCCGTCT-1,5/CTXsp
0.0,CACCACGCCACACAGA-1,10/COA
-0.07755333185195923,CACCAGTCAGCATGCA-1,9/I
-0.07755333185195923,CACCATGATCGCAAAG-1,9/I
-0.07755333185195923,CACCCAAATCTTATGT-1,13/CA1-pyramidal layer of the hippocampus
-0.07755333185195923,CACCCACACGTCACCC-1,4/HYL
-0.07755333185195923,CACCCACGAGGCAATT-1,4/HYL
-0.07755333185195923,CACCCGGTTTGTGACT-1,8/PIR
0.0,CACCCTAACAAGATCT-1,"0/V,VIa,VIb"
-0.07755333185195923,CACCCTTGGTGAGACC-1,5/CTXsp
-0.07755333185195923,CACCGCCAGAAGGTTT-1,6/TH
-0.07755333185195923,CACCGCGTCCACTCTA-1,"0/V,VIa,VIb"
-0.07755333185195923,CACCGTATCCCATCCG-1,"7/II,III,IV"
-0.07755333185195923,CACCGTTAGGGATCAC-1,8/PIR
-0.07755333185195923,CACCGTTGCGCGATAT-1,5/CTXsp
-0.07755333185195923,CACCTAATAGAGTCGT-1,1/MB
-0.07755333185195923,CACCTAATCAGTTTAC-1,11/Parafascicular nucleus
-0.07755333185195923,CACCTCGATGGTGGAC-1,11/Parafascicular nucleus
-0.07755333185195923,CACCTTGCGAAACTCG-1,4/HYL
-0.07755333185195923,CACCTTGGCGCCTTTG-1,3/fxs
-0.07755333185195923,CACGAAAGTTAGTCCC-1,3/fxs
-0.07755333185195923,CACGCACAGCGCAGCT-1,6/TH
-0.07755333185195923,CACGCAGCGAGGCTTT-1,4/HYL
-0.07755333185195923,CACGCGGAACTGTTGC-1,2/CA3
-0.07755333185195923,CACGGACGTGGATGGC-1,"0/V,VIa,VIb"
-0.07755333185195923,CACGGCGCGCCAAAGG-1,"0/V,VIa,VIb"
0.0,CACGGGATTGAGGGTT-1,10/COA
-0.07755333185195923,CACGTCGGCAACCTCT-1,8/PIR
-0.6186696887016296,CACGTCGGGTTCTAGA-1,1/MB
-0.07755333185195923,CACGTTCGTGCTCTAG-1,2/CA3
0.0,CACGTTTCGTACACAC-1,"0/V,VIa,VIb"
-0.07755333185195923,CACTAAAGTTGCCTAT-1,4/HYL
-0.07755333185195923,CACTCAAGAGCTATGG-1,4/HYL
-0.07755333185195923,CACTCCTATGTAAGAT-1,8/PIR
-0.07755333185195923,CACTCGAGCTGAACAA-1,2/CA3
-0.07755333185195923,CACTCGGTTAGGAGGA-1,10/COA
-0.07755333185195923,CACTCTTCTGCTAGCC-1,9/I
-0.07755333185195923,CACTGACGATTGTGGA-1,9/I
-0.07755333185195923,CACTGTCCAAGTGAGA-1,4/HYL
-0.07755333185195923,CACTTAATCAGACGGA-1,4/HYL
-0.07755333185195923,CACTTCGCCACAGGCT-1,1/MB
-0.07755333185195923,CACTTCGTCTTATCTC-1,1/MB
-0.07755333185195923,CAGAACTTAGCCCTCT-1,"0/V,VIa,VIb"
-0.07755333185195923,CAGAATAACACACGGA-1,9/I
-0.07755333185195923,CAGACACCGATCGCTG-1,8/PIR
-0.07755333185195923,CAGACCTGTAAGTGTT-1,2/CA3
-0.07755333185195923,CAGACGAACCTGATAC-1,8/PIR
-0.07755333185195923,CAGAGACGGTCACCCA-1,8/PIR
-0.07755333185195923,CAGAGCATGAGCTTGC-1,6/TH
-0.07755333185195923,CAGAGGCGATGCATGA-1,8/PIR
-0.07755333185195923,CAGATACTAACATAGT-1,4/HYL
-0.07755333185195923,CAGATCATTTAAAGTC-1,3/fxs
-0.07755333185195923,CAGATCCTGGTTTGAA-1,5/CTXsp
-0.07755333185195923,CAGATGTTTGTCCCAA-1,5/CTXsp
-0.07755333185195923,CAGCAGCCCGTTCCTT-1,6/TH
-0.07755333185195923,CAGCAGTCCAGACTAT-1,"0/V,VIa,VIb"
-0.07755333185195923,CAGCAGTCTGTGCTGC-1,"7/II,III,IV"
-0.07755333185195923,CAGCCTCCTGCAGAGG-1,6/TH
-0.07755333185195923,CAGCCTCTCCTCAAGA-1,9/I
-0.07755333185195923,CAGCGATTCCCTTCAA-1,8/PIR
-0.07755333185195923,CAGCGCCAACACGATA-1,10/COA
-0.07755333185195923,CAGCTCACTGAGACAT-1,6/TH
-0.07755333185195923,CAGCTCGACAAGTTAA-1,2/CA3
-0.07755333185195923,CAGCTCGTGCTTGTGT-1,1/MB
-0.07755333185195923,CAGCTGGCGTAACCGT-1,5/CTXsp
-0.07755333185195923,CAGCTTAGTAGGTAGC-1,3/fxs
0.0,CAGGACAGCTGCCCTT-1,"7/II,III,IV"
-0.07755333185195923,CAGGATATATCGTTGT-1,3/fxs
-0.07755333185195923,CAGGCAGTCTTACCAG-1,"7/II,III,IV"
-0.07755333185195923,CAGGCCGTTTGGGTGT-1,3/fxs
-0.07755333185195923,CAGGCGCACGGTGGTC-1,5/CTXsp
-0.07755333185195923,CAGGCGCCATGCTAGG-1,2/CA3
-0.07755333185195923,CAGGTTTAGTACTACA-1,"0/V,VIa,VIb"
-0.07755333185195923,CAGTAACTATTTATTG-1,"0/V,VIa,VIb"
-0.07755333185195923,CAGTAATCCCTCCCAG-1,1/MB
-0.07755333185195923,CAGTACATTCTCTAAA-1,"0/V,VIa,VIb"
-0.07755333185195923,CAGTACCAGTTTACGT-1,5/CTXsp
0.2975412428379059,CAGTAGATGATGTCCG-1,1/MB
-0.07755333185195923,CAGTAGCCCACGCGGT-1,2/CA3
-0.07755333185195923,CAGTCGAGGATGCAAT-1,2/CA3
-0.07755333185195923,CAGTCGGCCTAGATAT-1,5/CTXsp
-0.07755333185195923,CAGTCTGTATACTGGG-1,9/I
-0.07755333185195923,CAGTGAATAAATGACT-1,6/TH
-0.07755333185195923,CAGTGGTTGCACATGA-1,1/MB
-0.07755333185195923,CAGTGTCCGCAGAATG-1,1/MB
0.0,CAGTGTCGGCTGGCCC-1,"0/V,VIa,VIb"
-0.07755333185195923,CAGTTCAAATTGACAC-1,4/HYL
-0.07755333185195923,CAGTTCCGCGGGTCGA-1,4/HYL
-0.07755333185195923,CATAACGGACAGTCGT-1,2/CA3
0.0,CATAAGAAGCTTGGCT-1,"0/V,VIa,VIb"
-0.07755333185195923,CATAAGCTCTCCGTCT-1,5/CTXsp
-0.07755333185195923,CATACAAAGCCGAACC-1,1/MB
-0.07755333185195923,CATACACGGTTCCCAC-1,8/PIR
-0.07755333185195923,CATACCCGTACCCAGT-1,8/PIR
-0.07755333185195923,CATACGGCGTCTGGGC-1,4/HYL
-0.07755333185195923,CATACTATGTAATTGT-1,4/HYL
0.0,CATACTTAGGCAATAC-1,"0/V,VIa,VIb"
-0.07755333185195923,CATAGCCGCCCGGGAT-1,1/MB
-0.07755333185195923,CATAGCGTTGCCCACC-1,8/PIR
-0.07755333185195923,CATAGTACATTGAGAG-1,1/MB
-0.07755333185195923,CATAGTAGCATAGTAG-1,4/HYL
-0.07755333185195923,CATAGTCCACAAGAAC-1,5/CTXsp
-0.07755333185195923,CATATACTACTGATAA-1,"0/V,VIa,VIb"
-0.07755333185195923,CATATAGGTACAGTCA-1,3/fxs
-0.07755333185195923,CATATGTCAGGCTACG-1,5/CTXsp
-0.07755333185195923,CATCAAACTGGCGCCC-1,"0/V,VIa,VIb"
5.814535935719808,CATCAACACCTACTAA-1,1/MB
-0.07755333185195923,CATCATTACCCTGAGG-1,"0/V,VIa,VIb"
-0.07755333185195923,CATCCGCAGGCCCGAA-1,1/MB
0.0,CATCCTCTCAAAGATC-1,"0/V,VIa,VIb"
-0.07755333185195923,CATCGCCCGCGGCCAA-1,1/MB
-0.07755333185195923,CATCGGACGGGTTAAT-1,3/fxs
-0.07755333185195923,CATCGTCCGGTTACTA-1,1/MB
-0.07755333185195923,CATCTAGTGAAGGGAA-1,"7/II,III,IV"
-0.07755333185195923,CATCTATCCCGTGTCT-1,"0/V,VIa,VIb"
-0.07755333185195923,CATCTTACACCACCTC-1,2/CA3
-0.07755333185195923,CATGACTTCGCTGAAT-1,3/fxs
-0.07755333185195923,CATGAGATGCACTCTC-1,"0/V,VIa,VIb"
-0.07755333185195923,CATGATGCACAATTCT-1,11/Parafascicular nucleus
0.0,CATGATGGAAGTTAGC-1,"0/V,VIa,VIb"
-0.07755333185195923,CATGCCAACTCGCAAA-1,5/CTXsp
-0.07755333185195923,CATGCGACCAGTTTAA-1,2/CA3
-0.07755333185195923,CATGCGTTAGACAGAA-1,11/Parafascicular nucleus
-0.07755333185195923,CATGCTGGCTCCAATT-1,1/MB
-0.07755333185195923,CATGGATTGTCTTCCG-1,"7/II,III,IV"
-0.07755333185195923,CATGGCAGGAAGATCG-1,11/Parafascicular nucleus
0.0,CATGGGTATGCCTTAT-1,"0/V,VIa,VIb"
-0.07755333185195923,CATGGGTCGGGTGTGG-1,4/HYL
0.0,CATGGTAAGTAGCGTT-1,2/CA3
-0.07755333185195923,CATGGTCTAGATACCG-1,6/TH
-0.07755333185195923,CATGTAAGAGACATTT-1,"0/V,VIa,VIb"
-0.07755333185195923,CATGTAGGAGCGCCAA-1,"0/V,VIa,VIb"
-0.07755333185195923,CATGTCTCATTTATGG-1,3/fxs
-0.07755333185195923,CATTACATAGATTGTG-1,3/fxs
-0.07755333185195923,CATTACGTCGGCCCGT-1,11/Parafascicular nucleus
-0.07755333185195923,CATTATGCTTGTTGTG-1,6/TH
0.0,CATTCCCATTCCGTCG-1,"0/V,VIa,VIb"
1.839731228351593,CATTCCCTAAGTACAA-1,1/MB
-0.07755333185195923,CATTGATGAACACGCC-1,3/fxs
0.0,CATTGCGAAATGGGCG-1,10/COA
-0.07755333185195923,CATTGCGGGTCAATTC-1,3/fxs
-0.07755333185195923,CATTGTGTGCTAGATC-1,1/MB
-0.07755333185195923,CATTTAGCGGACCATG-1,6/TH
-0.07755333185195923,CATTTCTAGCAGACTA-1,1/MB
1.0774736523628234,CATTTGAGTGGTACGT-1,8/PIR
-0.07755333185195923,CCAAACAGAACCCTCG-1,6/TH
-0.07755333185195923,CCAAATAACAAGATTC-1,"7/II,III,IV"
-0.07755333185195923,CCAACGATGCACTGAT-1,4/HYL
-0.07755333185195923,CCAAGAAAGTGGGCGA-1,8/PIR
0.0,CCAAGACTTCTGCGAA-1,11/Parafascicular nucleus
-0.07755333185195923,CCAAGCGTAACTCGTA-1,6/TH
-0.07755333185195923,CCAAGGAACAGAGAGG-1,1/MB
-0.39195990562438965,CCAAGTTTCTACAGAT-1,1/MB
-0.07755333185195923,CCAATAGTGCCGTCGA-1,4/HYL
-0.07755333185195923,CCAATCGGTAGATCGA-1,3/fxs
-0.07755333185195923,CCAATGTCACAGCAAG-1,4/HYL
-0.07755333185195923,CCAATTACGGGTCGAG-1,9/I
-0.07755333185195923,CCAATTGAATGTTAAT-1,4/HYL
-0.07755333185195923,CCACAATGTACGTCTT-1,6/TH
-0.07755333185195923,CCACACTGAGATATTA-1,4/HYL
-0.8876284956932068,CCACAGTACCCATCCT-1,3/fxs
-0.07755333185195923,CCACATGGCTCTTTAT-1,9/I
-0.07755333185195923,CCACCAACTTTACTGT-1,8/PIR
-0.07755333185195923,CCACCCAAGGAAAGTG-1,6/TH
0.0,CCACGAATTTAACCTC-1,"0/V,VIa,VIb"
-0.07755333185195923,CCACGAGAAGAGAATC-1,1/MB
-0.07755333185195923,CCACGGAGCCATAAGA-1,5/CTXsp
-0.07755333185195923,CCACGGTGCCCGGTAG-1,13/CA1-pyramidal layer of the hippocampus
-0.07755333185195923,CCACGTAAATTAGACT-1,"0/V,VIa,VIb"
-0.07755333185195923,CCACTATCCGGGTCAC-1,3/fxs
-0.07755333185195923,CCACTGGTGGCTGGTT-1,10/COA
-0.07755333185195923,CCAGAAAGCAACTCAT-1,8/PIR
-0.07755333185195923,CCAGAGACAAAGCCGG-1,1/MB
-0.07755333185195923,CCAGATAGTTGAGTGA-1,6/TH
-0.07755333185195923,CCAGATGTAAATGGGT-1,"0/V,VIa,VIb"
-0.07755333185195923,CCAGCCTGGACCAATA-1,4/HYL
0.0,CCAGCGGGATCACCAG-1,"0/V,VIa,VIb"
-0.07755333185195923,CCAGCTCGAACGCATT-1,"7/II,III,IV"
-0.07755333185195923,CCAGCTGATGGTACTT-1,10/COA
-0.07755333185195923,CCAGCTTCCGCCCGCA-1,10/COA
-0.07755333185195923,CCAGGGACGTGGCCTC-1,6/TH
0.8357842365900675,CCAGTAGTCTGATCCA-1,2/CA3
-0.07755333185195923,CCAGTCAAATCTCTTA-1,10/COA
-0.07755333185195923,CCAGTCTAGACGGCGC-1,4/HYL
0.0,CCAGTCTTGTCATAGA-1,8/PIR
-0.4651567339897156,CCATAAACAACCCGAC-1,1/MB
-0.07755333185195923,CCATAACCTGTGCAGT-1,5/CTXsp
-0.07755333185195923,CCATACCTTTACTTGT-1,2/CA3
0.0,CCATAGGTTGGCGTGG-1,11/Parafascicular nucleus
-0.07755333185195923,CCATAGTCAGTAACCC-1,1/MB
-0.07755333185195923,CCATATGGAAACTATA-1,"7/II,III,IV"
-0.07755333185195923,CCATCCATACCAAGTC-1,1/MB
-0.07755333185195923,CCATCGCAGTTAAACT-1,3/fxs
-0.07755333185195923,CCATCTCACCAGTGAA-1,2/CA3
-0.07755333185195923,CCATGCCCTAGATTTC-1,"7/II,III,IV"
-0.07755333185195923,CCATGCCTGTTTAGTA-1,4/HYL
-0.07755333185195923,CCATGCTCTGCAGGAA-1,4/HYL
-0.07755333185195923,CCATGGCCCTTGTACC-1,10/COA
-0.07755333185195923,CCATTAGCGATAATCC-1,4/HYL
-0.07755333185195923,CCATTCCCTGCCCACA-1,3/fxs
-0.07755333185195923,CCATTGTTTCCTCCAT-1,"0/V,VIa,VIb"
-0.07755333185195923,CCATTTCTACCTATTA-1,"0/V,VIa,VIb"
-0.07755333185195923,CCCAAACATGCTGCTC-1,2/CA3
-0.07755333185195923,CCCAACATACGTCGCG-1,12/VL
-0.07755333185195923,CCCAATGAGATTTGCA-1,8/PIR
0.0,CCCAATTTCACAACTT-1,12/VL
-0.07755333185195923,CCCACTCCACGGTATC-1,5/CTXsp
-0.07755333185195923,CCCAGAGGAGGGCGTA-1,3/fxs
-0.07755333185195923,CCCAGGTCTGAAGGCT-1,"7/II,III,IV"
-0.07755333185195923,CCCAGTAAACTTGGGA-1,5/CTXsp
-0.07755333185195923,CCCAGTTAAGGCGCCG-1,2/CA3
-0.07755333185195923,CCCGAAGTTTCGCGAA-1,5/CTXsp
-0.07755333185195923,CCCGACCATAGTCCGC-1,11/Parafascicular nucleus
0.0,CCCGAGTTTCTCCGTA-1,"0/V,VIa,VIb"
-0.07755333185195923,CCCGATAGCCTCGCCT-1,"7/II,III,IV"
-0.07755333185195923,CCCGCAGCGCGAACTA-1,3/fxs
0.931798795859019,CCCGCCATGCTCCCGT-1,4/HYL
-0.07755333185195923,CCCGCGCAATGCACCC-1,1/MB
-0.07755333185195923,CCCGGGTCGTTCAGGG-1,"7/II,III,IV"
-0.07755333185195923,CCCGGTGGAAGAACCT-1,1/MB
-0.07755333185195923,CCCGGTGTATCGGAAT-1,5/CTXsp
-0.07755333185195923,CCCGTAAGTCTAGGCC-1,3/fxs
-0.07755333185195923,CCCGTAGCTGGGAAGA-1,8/PIR
-0.07755333185195923,CCCGTCAGCGTCTGAC-1,6/TH
-0.07755333185195923,CCCGTGAGGGCGGTGA-1,5/CTXsp
-0.07755333185195923,CCCGTTTCGCAGATGT-1,"7/II,III,IV"
-0.07755333185195923,CCCTAGGCAACAAGAG-1,5/CTXsp
-0.07755333185195923,CCCTATGTAGAGCAGA-1,9/I
-0.07755333185195923,CCCTCAAGCTCTTAGT-1,1/MB
-0.07755333185195923,CCCTCATTCTGGAATT-1,1/MB
0.0,CCCTCCTCGCTCGTAT-1,"0/V,VIa,VIb"
-0.07755333185195923,CCCTGAAATGAGTTGA-1,4/HYL
-0.07755333185195923,CCCTGACTAACAAATT-1,10/COA
-0.07755333185195923,CCCTGATGTAACTCGT-1,1/MB
-0.07755333185195923,CCCTGCCCAATCCGCT-1,5/CTXsp
-0.5007362067699432,CCCTGCGCTACGCATA-1,10/COA
-0.07755333185195923,CCCTGGCTGTTCCTTC-1,5/CTXsp
0.0,CCCTTTGACAGGTCTT-1,12/VL
-0.07755333185195923,CCGAAAGTGGTGAGCA-1,1/MB
-0.07755333185195923,CCGAACACTGGGCCTC-1,5/CTXsp
-0.07755333185195923,CCGAACCTTCCCGGCC-1,2/CA3
0.0,CCGAAGGGCGTACCGC-1,"0/V,VIa,VIb"
-0.07755333185195923,CCGAAGTATATTGTTC-1,1/MB
-0.07755333185195923,CCGACAAACACATGAG-1,1/MB
-0.07755333185195923,CCGACAAAGGGAGTGC-1,10/COA
-0.07755333185195923,CCGACGGGCATGAGGT-1,5/CTXsp
-0.07755333185195923,CCGACGTAAACACAAC-1,12/VL
-0.07755333185195923,CCGAGAAGTCGCATAA-1,"0/V,VIa,VIb"
-0.07755333185195923,CCGAGCTGTGCTTGTC-1,3/fxs
-0.07755333185195923,CCGATCTCAACCTTAT-1,2/CA3
-0.07755333185195923,CCGATTCGAGGGACCC-1,10/COA
-0.07755333185195923,CCGCACAAAGACCAAC-1,6/TH
-0.07755333185195923,CCGCACACGAACGTGT-1,"7/II,III,IV"
-0.07755333185195923,CCGCACGTGACCTCGG-1,4/HYL
-0.07755333185195923,CCGCATGTGGTACGAT-1,"0/V,VIa,VIb"
0.0,CCGCCGGAACTTCTCG-1,5/CTXsp
-0.07755333185195923,CCGCCGGTCAACACAC-1,1/MB
-0.07755333185195923,CCGCCGTTGAGGATAA-1,"7/II,III,IV"
-0.07755333185195923,CCGCCTGCGAATTGGT-1,9/I
0.0,CCGCCTTGCGATGTCG-1,5/CTXsp
0.0,CCGCGATTTGGTAGGT-1,10/COA
-0.07755333185195923,CCGCGGAATGCGTCAC-1,8/PIR
-0.7009215950965881,CCGCGGGTACGAAGAA-1,3/fxs
-0.07755333185195923,CCGCGTAGGTAAGGGC-1,3/fxs
-0.07755333185195923,CCGCTATCAGCACCAG-1,2/CA3
-0.07755333185195923,CCGCTTACCTCACTCT-1,8/PIR
-0.07755333185195923,CCGCTTGCTGACATGG-1,3/fxs
-0.07755333185195923,CCGGAATGGTTTCAGT-1,1/MB
0.0,CCGGAGCGTACTTTCT-1,8/PIR
-0.07755333185195923,CCGGAGGTCTTATGGT-1,"0/V,VIa,VIb"
-0.07755333185195923,CCGGCACGACCGTTTC-1,3/fxs
-0.07755333185195923,CCGGCGCATATTGGAT-1,1/MB
-0.07755333185195923,CCGGCGTGAGACTCTG-1,5/CTXsp
-0.07755333185195923,CCGGGACCCGCAGAGA-1,11/Parafascicular nucleus
-0.8005976676940918,CCGGGCGGTCTCGTCA-1,6/TH
-0.07755333185195923,CCGGGCTGCTCCATAC-1,2/CA3
0.0,CCGGGTTCGAGGTTAC-1,12/VL
-0.07755333185195923,CCGGTAATGGCTAGTC-1,"0/V,VIa,VIb"
0.0,CCGGTTTGTAATTGTG-1,8/PIR
10.038894653320312,CCGTAAGTTGGTCCCA-1,6/TH
-0.07755333185195923,CCGTAGGAAATCCCTG-1,"7/II,III,IV"
-0.07755333185195923,CCGTATCTCGTCGTAG-1,5/CTXsp
-0.07755333185195923,CCGTATTAGCGCAGTT-1,3/fxs
0.0,CCGTGAGGCATTCATG-1,"0/V,VIa,VIb"
-0.07755333185195923,CCGTGCCCATGACGGC-1,1/MB
-0.07755333185195923,CCGTGGAACGATCCAA-1,13/CA1-pyramidal layer of the hippocampus
-0.07755333185195923,CCGTGTTAAATTCCAT-1,8/PIR
-0.07755333185195923,CCGTTACGTTAGAACA-1,4/HYL
-0.07755333185195923,CCGTTCCGAATCTCGG-1,10/COA
-0.07755333185195923,CCTAAAGGCTGACGCT-1,1/MB
-0.07755333185195923,CCTAAATTAACGGTTC-1,2/CA3
-0.07755333185195923,CCTAAATTGTATCCTA-1,"7/II,III,IV"
-0.07755333185195923,CCTAACCCAAACAAGT-1,3/fxs
-0.07755333185195923,CCTAACTAAGGCTCTA-1,9/I
-0.07755333185195923,CCTACATTCACAGACG-1,8/PIR
-0.07755333185195923,CCTACGGCTCAGTCGA-1,1/MB
-0.07755333185195923,CCTACTGCGGCGGCCA-1,"0/V,VIa,VIb"
-0.07755333185195923,CCTACTGCTTACACTT-1,4/HYL
-0.07755333185195923,CCTAGGCGTAGCGATC-1,2/CA3
-0.07755333185195923,CCTAGGTAAAGGTAGC-1,5/CTXsp
0.0,CCTATAATGAGTGCCC-1,"0/V,VIa,VIb"
-0.07755333185195923,CCTATACCGTCCTGTC-1,8/PIR
-0.07755333185195923,CCTATATTTGTCCTGG-1,8/PIR
-0.07755333185195923,CCTATCTATATCGGAA-1,4/HYL
-0.07755333185195923,CCTATGAAGTGGTGCC-1,3/fxs
-0.07755333185195923,CCTATGGGTTACCGTC-1,6/TH
0.0,CCTATGTCCACTCCAC-1,"7/II,III,IV"
-0.07755333185195923,CCTCAACGATCGCTGT-1,5/CTXsp
-0.07755333185195923,CCTCACCAATCTTGAC-1,1/MB
-0.07755333185195923,CCTCACCTGAGGGAGC-1,2/CA3
-0.07755333185195923,CCTCACCTTAGCATCG-1,2/CA3
-0.07755333185195923,CCTCCGACAATTCAAG-1,3/fxs
-0.07755333185195923,CCTCCTGAGCCCACAT-1,10/COA
-0.07755333185195923,CCTCCTGTTGTGTCGT-1,9/I
-0.07755333185195923,CCTCGAAGTGGACGGG-1,1/MB
-0.07755333185195923,CCTCGCCAGCAAATTA-1,1/MB
-0.07755333185195923,CCTCGCGCGATATAGG-1,2/CA3
0.0,CCTCGCGCTGTGCGAT-1,8/PIR
-0.07755333185195923,CCTCGGACCGGGATAG-1,2/CA3
-0.07755333185195923,CCTCGGATGCTACCTG-1,10/COA
-0.07755333185195923,CCTCTAATCTGCCAAG-1,6/TH
-0.07755333185195923,CCTCTATCGATTAGCA-1,5/CTXsp
-0.07755333185195923,CCTCTCTCCCATCTAG-1,3/fxs
0.5894965330759684,CCTCTGGCCTAGACGG-1,1/MB
-0.07755333185195923,CCTCTGTACTATTCTA-1,8/PIR
-0.07755333185195923,CCTGAACGATATATTC-1,2/CA3
-0.07755333185195923,CCTGAATATTTACATA-1,6/TH
-0.07755333185195923,CCTGACAAACTCGCGC-1,1/MB
-0.07755333185195923,CCTGACCACCGATGGT-1,3/fxs
0.0,CCTGCCCGTTGTCTAG-1,10/COA
-0.07755333185195923,CCTGCGTTCTACGCTT-1,10/COA
-0.07755333185195923,CCTGCTATTTGAGAAG-1,6/TH
0.0,CCTGGAAACGTTCTGC-1,"0/V,VIa,VIb"
-0.07755333185195923,CCTGGCTAGACCCGCC-1,4/HYL
0.0,CCTGGTCGAATGTGGG-1,"0/V,VIa,VIb"
-0.07755333185195923,CCTGTAAGACATGATA-1,3/fxs
-0.07755333185195923,CCTGTACTCACGCCCA-1,10/COA
-0.07755333185195923,CCTGTCACCCGGGCTC-1,6/TH
0.0,CCTGTCCCTCACGTTA-1,"0/V,VIa,VIb"
-0.07755333185195923,CCTGTCGCCCGTAAAT-1,4/HYL
-0.07755333185195923,CCTGTTTGAAGACACG-1,"7/II,III,IV"
-0.07755333185195923,CCTTCAGTTAAAGTGA-1,8/PIR
-0.07755333185195923,CCTTCTCAGCGTTCCT-1,5/CTXsp
0.0,CCTTCTTGATCCAGTG-1,11/Parafascicular nucleus
-0.07755333185195923,CCTTGACCACTTTATT-1,"7/II,III,IV"
0.0,CCTTTAAGGGAGCACT-1,8/PIR
11.021722475687662,CCTTTCAATGAAGAAA-1,2/CA3
0.0,CGAAACGCAATTCATG-1,12/VL
0.0,CGAACAGTATGGGCGT-1,"0/V,VIa,VIb"
-0.07755333185195923,CGAACGCCCAGTGCCG-1,1/MB
-0.07755333185195923,CGAACGGCCGGACAAC-1,5/CTXsp
-0.07755333185195923,CGAAGCTATAAATTCA-1,3/fxs
-0.07755333185195923,CGAAGTTGCTCTGTGT-1,3/fxs
-0.07755333185195923,CGAATGACGCATAATG-1,"7/II,III,IV"
-0.07755333185195923,CGACAATTTGATCTAA-1,13/CA1-pyramidal layer of the hippocampus
0.29109233121077216,CGACACGCTCCGACAG-1,3/fxs
-0.07755333185195923,CGACAGTTCGCGTTAT-1,4/HYL
-0.07755333185195923,CGACCCTTAACGCCGG-1,5/CTXsp
-0.07755333185195923,CGACCTACTAGACAAT-1,5/CTXsp
-0.07755333185195923,CGACGCATCCGTACCT-1,5/CTXsp
-0.07755333185195923,CGACTCAGGATGTTAT-1,4/HYL
-0.07755333185195923,CGACTTTGTATAGCCT-1,13/CA1-pyramidal layer of the hippocampus
-0.07755333185195923,CGAGACCCTAGAGTGT-1,3/fxs
-0.07755333185195923,CGAGAGATGTGAACCT-1,6/TH
0.0,CGAGAGCGCGTAGATA-1,5/CTXsp
-0.07755333185195923,CGAGAGCTTTCACTAC-1,"7/II,III,IV"
-0.07755333185195923,CGAGAGGGTAGCCGCG-1,"7/II,III,IV"
0.0,CGAGATTTCGCTCGGG-1,"0/V,VIa,VIb"
0.3049001644055048,CGAGCACTTCAAGTTT-1,1/MB
-0.07755333185195923,CGAGCGTTGATCAGCC-1,1/MB
-0.07755333185195923,CGAGCTGGGCTTTAGG-1,11/Parafascicular nucleus
-0.07755333185195923,CGAGGAGCTTCCATAT-1,3/fxs
-0.07755333185195923,CGAGGATCGGGAACGA-1,"0/V,VIa,VIb"
-0.07755333185195923,CGAGGCCAGGCATTGG-1,1/MB
-0.07755333185195923,CGAGGCTAAATATGGC-1,6/TH
-0.07755333185195923,CGAGGGACTGCGGTCG-1,2/CA3
-0.07755333185195923,CGAGGGTATCCAGGTG-1,"7/II,III,IV"
-0.07755333185195923,CGAGTACTAAAGAGGA-1,5/CTXsp
-0.07755333185195923,CGAGTGAAGGTACCAG-1,5/CTXsp
-0.07755333185195923,CGAGTTCTGTCCCACC-1,6/TH
-0.07755333185195923,CGAGTTTATCGGACTG-1,9/I
0.0,CGATAATACTCAGGTT-1,"7/II,III,IV"
-0.07755333185195923,CGATACCTCGCGGACA-1,3/fxs
-0.07755333185195923,CGATCATTAGAGGCAC-1,9/I
-0.07755333185195923,CGATCCGACCCAGTGC-1,4/HYL
-0.07755333185195923,CGATCTGTTGGAGGAC-1,5/CTXsp
-0.07755333185195923,CGATGGACCCTACGCC-1,2/CA3
-0.07755333185195923,CGATGTTGTTATCTAC-1,9/I
-0.07755333185195923,CGATTAAATATCTCCT-1,8/PIR
0.0,CGATTCGCCTGGCTGC-1,"0/V,VIa,VIb"
-0.07755333185195923,CGCAAACACGAGTTAC-1,4/HYL
-0.07755333185195923,CGCAATTACTTTCGGT-1,1/MB
-0.07755333185195923,CGCAATTAGGGTAATA-1,4/HYL
-0.07755333185195923,CGCAATTCTACAATAA-1,1/MB
-0.07755333185195923,CGCACATGTCCACTAC-1,2/CA3
-0.07755333185195923,CGCACGTGCGCTATCA-1,13/CA1-pyramidal layer of the hippocampus
-0.07755333185195923,CGCAGATCTTCACCCG-1,2/CA3
0.0,CGCAGGCGATCCAAAC-1,"0/V,VIa,VIb"
-0.07755333185195923,CGCATCCATCAGCCAG-1,3/fxs
-0.07755333185195923,CGCATGGTGCGATGCT-1,4/HYL
-0.07755333185195923,CGCATTAGCTAATAGG-1,6/TH
-0.07755333185195923,CGCCAAGAAGCCGAGT-1,5/CTXsp
-0.07755333185195923,CGCCACAGGTCGCGAT-1,5/CTXsp
-0.07755333185195923,CGCCATCCGATTATGA-1,4/HYL
0.0,CGCCCAGCACGCCTAG-1,8/PIR
-0.07755333185195923,CGCCCGCTTCCGTACA-1,4/HYL
-0.07755333185195923,CGCCCTTGAAGGCTGA-1,1/MB
-0.07755333185195923,CGCCGACTATTCGCTA-1,10/COA
-0.07755333185195923,CGCCGCCCATGCCTGT-1,2/CA3
-0.07755333185195923,CGCCGTCTACCCATCG-1,"7/II,III,IV"
-0.07755333185195923,CGCCGTTCAGCATAGT-1,9/I
0.0,CGCCTCCCTCCTCTAT-1,2/CA3
-0.07755333185195923,CGCCTGGCCTACGTAA-1,10/COA
-0.07755333185195923,CGCCTTTAGCATGCTC-1,"7/II,III,IV"
-0.07755333185195923,CGCGACACTGCGCAGC-1,1/MB
0.0,CGCGACCGCGACAGAT-1,"0/V,VIa,VIb"
-0.07755333185195923,CGCGAGAGGGACTTGT-1,"0/V,VIa,VIb"
-0.07755333185195923,CGCGAGTCTGCCGGGT-1,5/CTXsp
-0.07755333185195923,CGCGCAAATGTCCAGA-1,5/CTXsp
-0.07755333185195923,CGCGCATGTTTGATTG-1,12/VL
-0.07755333185195923,CGCGCCCGACTTAATA-1,11/Parafascicular nucleus
-0.07755333185195923,CGCGGCAGTATTACGG-1,3/fxs
1.7410129110018413,CGCGGCTCAACTTGAA-1,2/CA3
-0.07755333185195923,CGCGGGAATTAGGCAG-1,6/TH
-0.07755333185195923,CGCGGTAAGTCTAGCT-1,"0/V,VIa,VIb"
-0.07755333185195923,CGCGGTCACAAACCAA-1,3/fxs
-0.07755333185195923,CGCGTTCATGAAATAC-1,6/TH
-0.07755333185195923,CGCTACGGGACATTTA-1,4/HYL
-0.07755333185195923,CGCTAGAGACCGCTGC-1,13/CA1-pyramidal layer of the hippocampus
-0.07755333185195923,CGCTATACCGCCCACT-1,1/MB
-0.07755333185195923,CGCTATTCAATGTATG-1,4/HYL
-0.07755333185195923,CGCTATTCTTAGGCTC-1,4/HYL
-0.07755333185195923,CGCTCGACATAATGAT-1,4/HYL
-0.07755333185195923,CGCTCTCCGTAGATTA-1,3/fxs
0.0,CGCTGGTGACTACCCT-1,"0/V,VIa,VIb"
-0.07755333185195923,CGCTGTGACGCCGCAC-1,4/HYL
-0.07755333185195923,CGCTGTGTGGATGTTG-1,8/PIR
-0.07755333185195923,CGCTTAGTATTGATAC-1,9/I
-0.07755333185195923,CGCTTATTCCCGGTCG-1,8/PIR
0.8884401718775431,CGCTTCCACTGAAATC-1,4/HYL
-0.07755333185195923,CGCTTTCATACCGGTG-1,1/MB
-0.07755333185195923,CGCTTTCTTGCATTCG-1,6/TH
0.0,CGGAAAGAATCAAACG-1,8/PIR
-0.07755333185195923,CGGAAAGCAAATGTGC-1,1/MB
0.0,CGGACGTTACTTGAAG-1,10/COA
-0.07755333185195923,CGGAGCAATTTAATCG-1,3/fxs
-0.07755333185195923,CGGAGCATGGCGATCC-1,4/HYL
-0.07755333185195923,CGGAGTTTGAGAGACA-1,4/HYL
-0.07755333185195923,CGGATAAGCGGACATG-1,1/MB
0.0,CGGATCCTCAAGGACT-1,"0/V,VIa,VIb"
-0.07755333185195923,CGGCAAACATCGTGCG-1,3/fxs
-0.07755333185195923,CGGCAATAAGATCGCC-1,"7/II,III,IV"
-0.07755333185195923,CGGCACTCAAGAAAGT-1,1/MB
-0.07755333185195923,CGGCAGGGTCGGGTTG-1,2/CA3
-0.07755333185195923,CGGCCACGCACAAAGT-1,4/HYL
-0.07755333185195923,CGGCCCAACCTGTAGT-1,2/CA3
-0.07755333185195923,CGGCCCAGGTATATCC-1,"0/V,VIa,VIb"
-0.07755333185195923,CGGCGCCATCAATCCC-1,"7/II,III,IV"
-0.07755333185195923,CGGCTCTAAAGCTGCA-1,"0/V,VIa,VIb"
-0.07755333185195923,CGGGAATATAGTATAC-1,"0/V,VIa,VIb"
-0.07755333185195923,CGGGAATTTATGTAAA-1,2/CA3
-0.07755333185195923,CGGGAGCTTCAGTGTA-1,3/fxs
-0.07755333185195923,CGGGAGTATACCGCCG-1,1/MB
0.0,CGGGATCAATGTAAGA-1,6/TH
-0.07755333185195923,CGGGCAGCTAAACCGC-1,6/TH
0.2162837485472361,CGGGCCATAGCCGCAC-1,1/MB
-0.07755333185195923,CGGGCCTTCTTTGTAA-1,4/HYL
-0.07755333185195923,CGGGTGTACCCATTTA-1,9/I
-0.07755333185195923,CGGTACGGCAAACCCA-1,9/I
-0.07755333185195923,CGGTACTAGAATCAAA-1,2/CA3
-0.07755333185195923,CGGTAGAGGTGCAGGT-1,9/I
-0.07755333185195923,CGGTCAAGTGGGAACC-1,6/TH
-0.07755333185195923,CGGTCCATGAGACTCC-1,3/fxs
-0.07755333185195923,CGGTCCGTCGCAAGCC-1,"7/II,III,IV"
-0.07755333185195923,CGGTCTATCAACCCGT-1,1/MB
-0.07755333185195923,CGGTGAAGACTAAAGT-1,10/COA
0.0,CGGTGCAGATAGAACG-1,12/VL
-0.07755333185195923,CGGTGCGCGTTGGTCC-1,8/PIR
-0.07755333185195923,CGGTGGGCTCCAGCCT-1,"0/V,VIa,VIb"
-0.07755333185195923,CGGTGTACTTGATCCC-1,4/HYL
-0.07755333185195923,CGGTTATCCAACAGTG-1,2/CA3
-0.07755333185195923,CGGTTCAAGTAGGTGT-1,2/CA3
-0.07755333185195923,CGGTTGACCTGGCATA-1,10/COA
-0.07755333185195923,CGTAAACGCTTGAGTG-1,1/MB
0.6604119340578715,CGTAATAATTACGAGT-1,1/MB
-0.07755333185195923,CGTACCTGATAGGCCT-1,11/Parafascicular nucleus
-0.07755333185195923,CGTAGCGAATTGTCAG-1,1/MB
-0.07755333185195923,CGTATTAAGAGATCTA-1,6/TH
-0.07755333185195923,CGTATTGTTTCCTAAT-1,"0/V,VIa,VIb"
-0.07755333185195923,CGTCAAATGGTCGCAG-1,"0/V,VIa,VIb"
0.0,CGTCAAGGCTATAAAT-1,10/COA
-0.07755333185195923,CGTCACGTCCATTGGT-1,12/VL
-0.07755333185195923,CGTCAGCTATTTACTC-1,1/MB
-0.07755333185195923,CGTCATACCATATCCA-1,1/MB
-0.07755333185195923,CGTCCAGATGGCTCCA-1,1/MB
-0.07755333185195923,CGTCGCATGTGAGCCA-1,"7/II,III,IV"
-0.07755333185195923,CGTCGGATAGTGTTGA-1,2/CA3
-0.07755333185195923,CGTCGGGTCTAAGCGC-1,5/CTXsp
0.0,CGTCGTCCTTCGCGAA-1,"0/V,VIa,VIb"
-0.07755333185195923,CGTCTGGAAGGGCCCG-1,4/HYL
-0.07755333185195923,CGTCTTGAGTGTGACG-1,"7/II,III,IV"
-0.07755333185195923,CGTGAAGTTAATTCAC-1,4/HYL
-0.07755333185195923,CGTGACATTGGGTCGT-1,1/MB
-0.07755333185195923,CGTGACCAGTCCTCTG-1,"7/II,III,IV"
-0.07755333185195923,CGTGCAGACTGGGACA-1,2/CA3
0.0,CGTGCATTGTCGACGC-1,12/VL
-0.07755333185195923,CGTGCCCTCCCGAAGA-1,2/CA3
-0.07755333185195923,CGTGCTTCTACCTAAA-1,9/I
-0.07755333185195923,CGTGGAAGCCTCGTAC-1,9/I
-0.07755333185195923,CGTGGCCGAATATCTA-1,"0/V,VIa,VIb"
-0.07755333185195923,CGTGGTACCCAAAGGC-1,9/I
-0.07755333185195923,CGTGTCCCATTCGCGA-1,4/HYL
0.0,CGTGTCTCGTTACGAC-1,5/CTXsp
-0.07755333185195923,CGTGTGTTAAACCCTG-1,"0/V,VIa,VIb"
0.0,CGTTAAACTAGTTAGG-1,"7/II,III,IV"
-0.07755333185195923,CGTTAATGTCCCGACG-1,"7/II,III,IV"
-0.07755333185195923,CGTTATCATACTTCCA-1,5/CTXsp
-0.07755333185195923,CGTTCAGACCCGCGAA-1,"7/II,III,IV"
-0.07755333185195923,CGTTCATGGTGCGCGT-1,5/CTXsp
-0.07755333185195923,CGTTCTTCGCACACCT-1,3/fxs
0.0,CGTTGAATACCGCGCT-1,"0/V,VIa,VIb"
0.0,CGTTGAGCGACCGTCG-1,2/CA3
-0.07755333185195923,CGTTGCCCGCGTGGGA-1,9/I
-0.07755333185195923,CGTTGTAAACGTCAGG-1,1/MB
-0.07755333185195923,CGTTGTAAGATTGATT-1,13/CA1-pyramidal layer of the hippocampus
-0.07755333185195923,CGTTGTCGGCAATTGA-1,"7/II,III,IV"
-0.07755333185195923,CGTTGTTTCAATTCCC-1,3/fxs
-0.07755333185195923,CGTTTAAGCGGAGCAC-1,1/MB
-0.07755333185195923,CGTTTACAAGGCAGCT-1,3/fxs
-0.07755333185195923,CGTTTCACTTCGGGCG-1,9/I
-0.07755333185195923,CGTTTCGCTCATTACA-1,4/HYL
-0.07755333185195923,CGTTTGTGTAGAGGGT-1,8/PIR
-0.07755333185195923,CTAAAGAATGCCTACT-1,3/fxs
-0.07755333185195923,CTAAAGGGAAATAGGA-1,3/fxs
0.0,CTAAATCCGGTGTACA-1,5/CTXsp
-0.07755333185195923,CTAAATCCTATTCCGG-1,6/TH
-0.07755333185195923,CTAACCGCGCGCCCGT-1,3/fxs
-0.07755333185195923,CTAACGAAACTTGCTG-1,2/CA3
-0.07755333185195923,CTAACTGATAATCGCC-1,"7/II,III,IV"
-0.07755333185195923,CTAACTGGTCCGGTTC-1,8/PIR
0.0,CTAAGGGAATGATTGG-1,2/CA3
-0.07755333185195923,CTAATTCGCACGCGCT-1,4/HYL
-0.07755333185195923,CTAATTCTCAGATATT-1,2/CA3
-0.07755333185195923,CTAATTTCAACAACAC-1,1/MB
-0.07755333185195923,CTACAAGAAATAACCC-1,8/PIR
-0.07755333185195923,CTACACTCGCAGATGG-1,"7/II,III,IV"
-0.07755333185195923,CTACCCTAAGGTCATA-1,2/CA3
-0.07755333185195923,CTACGACTAGCTATAA-1,10/COA
-0.07755333185195923,CTACGCACGGAGTACC-1,4/HYL
-0.07755333185195923,CTACGCCATTTCCGAT-1,3/fxs
-0.07755333185195923,CTACTATCATAGGTTT-1,5/CTXsp
-0.07755333185195923,CTACTATCTTTCAGAG-1,2/CA3
-0.07755333185195923,CTACTCAAGGTATAGT-1,8/PIR
-0.07755333185195923,CTACTCTAGGCCCGGC-1,3/fxs
-0.07755333185195923,CTACTGCCACCTGACC-1,6/TH
-0.07755333185195923,CTAGATGTGAGTGTAA-1,2/CA3
0.0,CTAGATTTACGACGGC-1,2/CA3
-0.07755333185195923,CTAGCATAGTATAATG-1,6/TH
-0.07755333185195923,CTAGCCGATGTTATGA-1,2/CA3
0.0,CTAGGCGCCCTATCAG-1,"0/V,VIa,VIb"
-0.07755333185195923,CTAGGTCTGAAGGAAT-1,13/CA1-pyramidal layer of the hippocampus
0.0,CTAGGTTCGGACGTGA-1,"0/V,VIa,VIb"
0.0,CTAGTAGAAAGGGATT-1,"7/II,III,IV"
-0.07755333185195923,CTAGTATTCGGAATTA-1,1/MB
-0.07755333185195923,CTAGTCACGTCTTAAG-1,6/TH
-0.07755333185195923,CTAGTGAAGGACAGGA-1,3/fxs
-0.07755333185195923,CTAGTTACAACCCGGT-1,3/fxs
-0.07755333185195923,CTAGTTGGGCCCGGTA-1,6/TH
-0.07755333185195923,CTATAAGAGCCAATCG-1,2/CA3
-0.07755333185195923,CTATAGGCGTTGATGT-1,5/CTXsp
-0.07755333185195923,CTATCGACGAAATACA-1,"0/V,VIa,VIb"
-0.07755333185195923,CTATCGGGTCTCAACA-1,6/TH
0.0,CTATGCCCGAATGCAA-1,"7/II,III,IV"
-0.07755333185195923,CTATGGGAAGCGGAAT-1,"7/II,III,IV"
-0.07755333185195923,CTATGTCACTAGCCCA-1,6/TH
-0.07755333185195923,CTATGTGAGTCACGGC-1,5/CTXsp
-0.07755333185195923,CTATTCATGTGTCCCA-1,8/PIR
-0.07755333185195923,CTATTGTGTTTGGTCA-1,12/VL
-0.07755333185195923,CTATTTGGTTACGGAT-1,6/TH
-0.07755333185195923,CTCAAACCACTGCCCG-1,9/I
0.0,CTCAACTAACCCGGAT-1,"7/II,III,IV"
-0.07755333185195923,CTCAAGACATTAGCGC-1,"0/V,VIa,VIb"
-0.07755333185195923,CTCACACGCAAGCCTA-1,"0/V,VIa,VIb"
-0.07755333185195923,CTCACATTTACTAAAT-1,8/PIR
0.0,CTCACTGTGATACTTA-1,"7/II,III,IV"
-0.07755333185195923,CTCACTTGGCTGGTAA-1,10/COA
0.0,CTCAGATTGTGATAAG-1,5/CTXsp
-0.07755333185195923,CTCAGGACTCACCTGT-1,1/MB
-0.9680892825126648,CTCAGTCACGACAAAT-1,2/CA3
-0.07755333185195923,CTCATCACTTAGTGAT-1,"0/V,VIa,VIb"
-0.07755333185195923,CTCATGGCTCACAATC-1,1/MB
-0.07755333185195923,CTCATGGTAATTTGCG-1,5/CTXsp
0.0,CTCATTAACGTTGCCC-1,"7/II,III,IV"
-0.07755333185195923,CTCATTGCTCTAACAA-1,"0/V,VIa,VIb"
-0.07755333185195923,CTCATTTGATGGGCGG-1,11/Parafascicular nucleus
-0.07755333185195923,CTCCCAATGAGTCGCG-1,"7/II,III,IV"
-0.07755333185195923,CTCCCTCCTTTCGATC-1,5/CTXsp
-0.07755333185195923,CTCCGGCCTAATATGC-1,11/Parafascicular nucleus
-0.07755333185195923,CTCCGGCTTGTAGACA-1,1/MB
-0.07755333185195923,CTCCTAAGTTATGTCT-1,1/MB
-0.07755333185195923,CTCCTCCAGCTCACAC-1,8/PIR
-0.07755333185195923,CTCCTTTACGCAAGTC-1,2/CA3
-0.07755333185195923,CTCGAGACATACGATA-1,9/I
-0.07755333185195923,CTCGAGGTCGAACAGT-1,6/TH
-0.07755333185195923,CTCGATATTTGCGAGC-1,2/CA3
-0.07755333185195923,CTCGCACCTATATAGT-1,6/TH
-0.07755333185195923,CTCGCCGAATGTAGGG-1,8/PIR
-0.07755333185195923,CTCGGGATAACACCTA-1,"0/V,VIa,VIb"
-0.07755333185195923,CTCGGGTTCTCTGGCC-1,9/I
-0.07755333185195923,CTCGGTACCACTGCTC-1,2/CA3
-0.07755333185195923,CTCGGTCCGTAGCCTG-1,11/Parafascicular nucleus
0.0,CTCGGTTGTCGGCCCT-1,5/CTXsp
-0.07755333185195923,CTCGTTTCTAATGTTT-1,13/CA1-pyramidal layer of the hippocampus
-0.07755333185195923,CTCTAATGCATTGATC-1,2/CA3
-0.07755333185195923,CTCTACACTGGCGATT-1,5/CTXsp
-0.07755333185195923,CTCTATTTGGCTGCAG-1,2/CA3
-0.07755333185195923,CTCTCACAATCGATGA-1,6/TH
-0.07755333185195923,CTCTCGCTGTACTATG-1,9/I
-0.07755333185195923,CTCTCTAACTGCCTAG-1,5/CTXsp
-0.07755333185195923,CTCTGCGAAGCAAGCA-1,1/MB
-0.07755333185195923,CTCTGGACGCCTGGTG-1,6/TH
0.4708402872085571,CTCTGTTTGAGGATTC-1,1/MB
-0.07755333185195923,CTCTTCTATTGACTGG-1,"0/V,VIa,VIb"
-0.07755333185195923,CTCTTCTGGAAGTTAG-1,5/CTXsp
-0.07755333185195923,CTCTTGTCCCGCTTGG-1,3/fxs
-0.07755333185195923,CTGAAAGAGATCCGAC-1,11/Parafascicular nucleus
-1.4763096570968628,CTGAATCCGAGACCTC-1,12/VL
-0.07755333185195923,CTGAATTTATTGCCAG-1,2/CA3
-0.07755333185195923,CTGACTGCGCAGCTCG-1,2/CA3
-0.07755333185195923,CTGAGAAAGTTCGGCG-1,"7/II,III,IV"
-0.07755333185195923,CTGAGCAAGTAACAAG-1,1/MB
0.0,CTGAGCGAGACTTATT-1,"0/V,VIa,VIb"
-0.07755333185195923,CTGATAGTGTATCTCA-1,10/COA
-0.07755333185195923,CTGCACAACTACATAT-1,3/fxs
-0.07755333185195923,CTGCACCTAGTCCACA-1,"0/V,VIa,VIb"
-0.07755333185195923,CTGCACCTGGAACCGC-1,1/MB
-0.07755333185195923,CTGCACTCCAGTACAG-1,3/fxs
-0.07755333185195923,CTGCCAAGGTTGGAAG-1,4/HYL
-0.07755333185195923,CTGCCATGCATCACAT-1,4/HYL
-0.07755333185195923,CTGCCCACGAAGCGTT-1,9/I
0.0,CTGCCTCATATGCAAC-1,"0/V,VIa,VIb"
0.0,CTGCCTTTCTAGTAAA-1,9/I
-0.07755333185195923,CTGCGGGTGAAATGTT-1,3/fxs
-0.07755333185195923,CTGCTGAGGCCACGAA-1,8/PIR
-0.07755333185195923,CTGCTGTCTAACGAGC-1,9/I
-0.07755333185195923,CTGCTTGGCGATAGCT-1,3/fxs
-0.07755333185195923,CTGCTTTATGTCCGCG-1,3/fxs
-0.07755333185195923,CTGGAAATGGATGCTT-1,6/TH
-0.07755333185195923,CTGGAAGACACGGTGG-1,3/fxs
-0.07755333185195923,CTGGACGCAGTCCGGC-1,5/CTXsp
-0.07755333185195923,CTGGATTTACACTTGA-1,12/VL
-0.07755333185195923,CTGGCATCCGAATGAG-1,5/CTXsp
-0.12743177637457848,CTGGCGACATAAGTCC-1,1/MB
-0.07755333185195923,CTGGCGCACAGGTCTG-1,2/CA3
-0.07755333185195923,CTGGCGGGAATAAGTA-1,1/MB
0.45767403642336524,CTGGCTGATTCATCCT-1,2/CA3
-0.07755333185195923,CTGGCTGGTTGTCAGT-1,8/PIR
-0.07755333185195923,CTGGGATAAATAATGG-1,2/CA3
-0.07755333185195923,CTGGGATACGCTACCC-1,"0/V,VIa,VIb"
-0.07755333185195923,CTGGGCCTGCTATATC-1,5/CTXsp
-0.07755333185195923,CTGGGTAGGCAGTTAA-1,2/CA3
-0.07755333185195923,CTGGGTTGAGTTAAAG-1,5/CTXsp
-0.07755333185195923,CTGGTAACACATAGAA-1,2/CA3
-0.07755333185195923,CTGGTAACGAGCTCTT-1,2/CA3
-0.07755333185195923,CTGGTCATTCCAATCC-1,1/MB
0.0,CTGGTTCGCGAGCTAC-1,"7/II,III,IV"
-0.07755333185195923,CTGGTTTCGAGCAAGA-1,13/CA1-pyramidal layer of the hippocampus
-0.07755333185195923,CTGTACTTCTTAGCAT-1,4/HYL
-0.07755333185195923,CTGTAGCCATCTCACT-1,8/PIR
-0.07755333185195923,CTGTATGGTGTAGAAA-1,1/MB
-0.07755333185195923,CTGTCAAATGGCTCGG-1,4/HYL
-0.07755333185195923,CTGTGCAGGGTAGGTC-1,2/CA3
-0.07755333185195923,CTGTGGTCGGGAGATA-1,"0/V,VIa,VIb"
-0.07755333185195923,CTGTTACCCAATCTAG-1,3/fxs
-0.07755333185195923,CTGTTCACTGCCTGTG-1,11/Parafascicular nucleus
-0.07755333185195923,CTGTTCATCTCACGGG-1,1/MB
-0.07755333185195923,CTGTTGGCTCTTCTGA-1,1/MB
-0.07755333185195923,CTTAAATAAGACCCAT-1,1/MB
-0.07755333185195923,CTTAAGCAGCGAGCCG-1,5/CTXsp
-0.07755333185195923,CTTACACGGTATTCCA-1,4/HYL
-0.07755333185195923,CTTACACTGGGAAATA-1,1/MB
-0.07755333185195923,CTTAGCCCGGATAGTG-1,9/I
-0.07755333185195923,CTTAGCCTTCCACATG-1,4/HYL
-0.07755333185195923,CTTAGGTCCCAATCGT-1,"0/V,VIa,VIb"
-0.07755333185195923,CTTAGTAGGCCTACAG-1,2/CA3
0.0,CTTAGTGTAGTAGCAT-1,"7/II,III,IV"
-0.07755333185195923,CTTATGCGCTCAGGGC-1,5/CTXsp
-0.07755333185195923,CTTATGTTGACTACCA-1,1/MB
0.0,CTTCAACTCCACTTGG-1,"0/V,VIa,VIb"
-0.07755333185195923,CTTCAGTGGTCGCCTA-1,5/CTXsp
-0.07755333185195923,CTTCATAGCTCAAGAA-1,4/HYL
-0.07755333185195923,CTTCATTGTCAGTGGA-1,4/HYL
-0.07755333185195923,CTTCCGCTCCGTGAAG-1,8/PIR
-0.07755333185195923,CTTCGGCCAATTGTTT-1,"7/II,III,IV"
-0.07755333185195923,CTTCGTAGATAGGTGA-1,3/fxs
-0.07755333185195923,CTTCTATGTTGAAGTA-1,5/CTXsp
-0.07755333185195923,CTTCTATTAATGCTAG-1,8/PIR
-0.07755333185195923,CTTCTTACGTCGTATA-1,1/MB
-0.07755333185195923,CTTGAGGTTATCCCGA-1,1/MB
-0.07755333185195923,CTTGAGTTAGGGTAAT-1,2/CA3
-0.07755333185195923,CTTGCAACCGCCTCCT-1,5/CTXsp
1.6734231511751811,CTTGCCCAGGCTCTAC-1,3/fxs
-0.07755333185195923,CTTGGCCAAGCTGGGA-1,8/PIR
0.0,CTTGTACTTGTTGACT-1,6/TH
-0.07755333185195923,CTTGTCAACATTCGAG-1,3/fxs
-0.07755333185195923,CTTGTGCTCACCGATT-1,2/CA3
-0.07755333185195923,CTTGTTGCTGAGTCAA-1,2/CA3
-0.07755333185195923,CTTGTTTATGTAGCCA-1,1/MB
-0.07755333185195923,CTTTAACTTTCAAAGG-1,6/TH
0.38131589690844214,CTTTAATATTGGTCGA-1,3/fxs
-0.07755333185195923,CTTTACCGAATAGTAG-1,3/fxs
-0.07755333185195923,CTTTAGGAACACTGTT-1,2/CA3
-0.07755333185195923,CTTTAGTGCTATTATT-1,3/fxs
-0.07755333185195923,CTTTCTGTGCGGGCTT-1,3/fxs
0.0,CTTTGACGTCGCTTCT-1,5/CTXsp
0.0,CTTTGCATCGCTCTTG-1,"7/II,III,IV"
-0.07755333185195923,CTTTGGCGCTTTATAC-1,10/COA
-0.07755333185195923,CTTTGGCTTTAGTAAA-1,4/HYL
-0.07755333185195923,CTTTGGGATTGTTGCA-1,5/CTXsp
-0.07755333185195923,GAAACAGATGACCACC-1,2/CA3
-0.07755333185195923,GAAACAGCCATGCAGT-1,1/MB
-0.07755333185195923,GAAACCATGGTGCGCT-1,13/CA1-pyramidal layer of the hippocampus
-0.07755333185195923,GAAACCGAATTACCTT-1,12/VL
0.0,GAAACCTATACAAATG-1,8/PIR
-0.07755333185195923,GAAACTCGTGCGATGC-1,4/HYL
-0.07755333185195923,GAAAGAACAGCGTTAT-1,13/CA1-pyramidal layer of the hippocampus
0.0,GAAAGCAGTGCACTTT-1,8/PIR
-0.07755333185195923,GAAAGCCCTTTGGACC-1,10/COA
-0.07755333185195923,GAAAGTGACTAACTGC-1,1/MB
-0.07755333185195923,GAAATACTAAACGTTT-1,1/MB
0.17700993238637844,GAAATATCACCATCAG-1,10/COA
-0.07755333185195923,GAAATATGCTTGAATG-1,"0/V,VIa,VIb"
-0.07755333185195923,GAAATCGCGCGCAACT-1,11/Parafascicular nucleus
-0.07755333185195923,GAAATCTGACCAAGTT-1,1/MB
-0.07755333185195923,GAAATGGCGGTGTTAG-1,4/HYL
0.4024138847986857,GAAATGGGATGTAAAC-1,1/MB
-0.07755333185195923,GAAATTAGCACGGATA-1,2/CA3
-0.07755333185195923,GAAATTCACATCGCTG-1,1/MB
-0.07755333185195923,GAAATTGTCTCTATAA-1,3/fxs
-0.07755333185195923,GAACACACATCAACCA-1,6/TH
0.0,GAACAGATTACTAAAT-1,"0/V,VIa,VIb"
-0.07755333185195923,GAACATTAGTATGTTA-1,"0/V,VIa,VIb"
-0.07755333185195923,GAACCCTCTGTGTTCT-1,8/PIR
-0.07755333185195923,GAACCTCGACCTACAC-1,10/COA
-0.07755333185195923,GAACCTTTAACGATCC-1,"7/II,III,IV"
-0.07755333185195923,GAACGACCGAATGATA-1,11/Parafascicular nucleus
-0.07755333185195923,GAACGATAAGTTAAAG-1,"0/V,VIa,VIb"
-0.07755333185195923,GAACGCGGGTCACACG-1,"7/II,III,IV"
-0.07755333185195923,GAACGTCTCATGGTCG-1,2/CA3
-0.07755333185195923,GAACGTTAGGAAGACG-1,10/COA
-0.07755333185195923,GAACTTGTGCACGGGA-1,"0/V,VIa,VIb"
-0.07755333185195923,GAAGAAACGATATTGT-1,5/CTXsp
-0.07755333185195923,GAAGAACGGTGCAGGT-1,1/MB
0.0,GAAGCCACTGATTATG-1,"7/II,III,IV"
1.6375975012779236,GAAGCCGGGTAAGCTC-1,9/I
-0.07755333185195923,GAAGCCTGCACATTCC-1,8/PIR
-0.07755333185195923,GAAGCGTGAGGAATTT-1,6/TH
-0.07755333185195923,GAAGCTCGGACCCGTC-1,5/CTXsp
-0.07755333185195923,GAAGCTCTTTGCTTAG-1,1/MB
-0.07755333185195923,GAAGCTTGCTGACCGC-1,4/HYL
-0.07755333185195923,GAAGGAGTCGAGTGCG-1,"7/II,III,IV"
-0.07755333185195923,GAAGGCTACCATTGTT-1,3/fxs
-0.07755333185195923,GAAGTCAGTTGCACTA-1,8/PIR
-0.07755333185195923,GAAGTCTCCCTAGCGA-1,2/CA3
-0.07755333185195923,GAAGTGATTTATCGTG-1,3/fxs
-0.07755333185195923,GAAGTGCTGGATAGCT-1,11/Parafascicular nucleus
-0.07755333185195923,GAAGTTTCCACTCAAT-1,4/HYL
-0.07755333185195923,GAATAGACGCGACCCA-1,2/CA3
-0.07755333185195923,GAATAGCATTTAGGGT-1,"7/II,III,IV"
-0.07755333185195923,GAATAGCCCTGCGGTC-1,3/fxs
-0.07755333185195923,GAATAGTGCTCGATTA-1,5/CTXsp
-0.07755333185195923,GAATCGACATGGTCAC-1,4/HYL
-0.07755333185195923,GAATCTGAACATTCTC-1,4/HYL
-0.07755333185195923,GAATGAAGGTCTTCAG-1,"0/V,VIa,VIb"
-0.07755333185195923,GAATGCCGAAATGACC-1,1/MB
-0.07755333185195923,GAATGCGAATCGGTTC-1,"7/II,III,IV"
-0.07755333185195923,GAATGGGCTTATCGAC-1,10/COA
-0.07755333185195923,GAATGTGGTCCGGATT-1,2/CA3
-0.07755333185195923,GAATGTTGGGTAATCT-1,6/TH
-0.07755333185195923,GAATTATAGTGAAAGG-1,4/HYL
11.250701745351156,GAATTCACCCGGGTGT-1,12/VL
-0.07755333185195923,GAATTTCTCGCTGCAG-1,4/HYL
1.3400882283846538,GACAAACATATGCAGG-1,3/fxs
-0.07755333185195923,GACAACGACCATTGAA-1,6/TH
-0.07755333185195923,GACAACGCAGCTTACG-1,11/Parafascicular nucleus
-0.07755333185195923,GACACAAGGGAAGAAA-1,6/TH
-0.07755333185195923,GACACGAGTTAGAGGA-1,1/MB
0.0,GACACTGAGTTCAGTG-1,12/VL
-0.07755333185195923,GACACTGGAACCCGAT-1,"7/II,III,IV"
-0.07755333185195923,GACAGATTTCTGGCTC-1,5/CTXsp
-0.07755333185195923,GACAGCCAGACCTGAC-1,2/CA3
-0.07755333185195923,GACAGGCACACACTAT-1,10/COA
-0.07755333185195923,GACATACTGTCGCAGA-1,1/MB
0.0,GACATCCGTCGAACTG-1,"7/II,III,IV"
-0.07755333185195923,GACATCGATTTATAAC-1,8/PIR
-0.07755333185195923,GACCAGAGCCCTGTAG-1,4/HYL
-0.07755333185195923,GACCCAATTATGATAC-1,5/CTXsp
-0.07755333185195923,GACCGACGTGAAAGCA-1,"0/V,VIa,VIb"
-0.07755333185195923,GACCGACTGAAGCGTC-1,10/COA
0.0,GACCGCGTCTGACGTG-1,"7/II,III,IV"
-0.07755333185195923,GACCGTGCTGACGGTG-1,4/HYL
-0.07755333185195923,GACCGTTACATGCGAC-1,10/COA
-0.07755333185195923,GACCTTCCACGTCTAC-1,"7/II,III,IV"
-0.8685455322265625,GACGACGATCCGCGTT-1,3/fxs
-0.07755333185195923,GACGAGGCTAATAAAC-1,"7/II,III,IV"
-0.07755333185195923,GACGCCGTAAAGGCTA-1,8/PIR
-0.07755333185195923,GACGCCTGTTGCAGGG-1,1/MB
-0.07755333185195923,GACGCTTGCTTCTAAA-1,3/fxs
0.0,GACGGGTTGGCCCGTA-1,8/PIR
-0.07755333185195923,GACGGTCAATAGAAGC-1,2/CA3
-0.07755333185195923,GACGGTCCTAGGGTGT-1,"7/II,III,IV"
-0.07755333185195923,GACGTGTAGGGATTAT-1,4/HYL
-0.07755333185195923,GACGTTCGTAAATACA-1,3/fxs
-0.07755333185195923,GACTAAGATCATGCAC-1,6/TH
-0.07755333185195923,GACTAAGTAGGCTCAC-1,4/HYL
-0.07755333185195923,GACTACAAAGCGGTGG-1,5/CTXsp
0.0,GACTAGGCCGTTAGGT-1,"7/II,III,IV"
-0.07755333185195923,GACTCACCCACGTGAG-1,2/CA3
-0.07755333185195923,GACTCCCAGAATAAGG-1,2/CA3
-0.07755333185195923,GACTCCTTCCAATTGA-1,9/I
-0.07755333185195923,GACTCGCGGGAATGAC-1,2/CA3
-0.07755333185195923,GACTGCAAATCGAGCT-1,"0/V,VIa,VIb"
-1.5542216897010803,GACTGCACCAGCCCAG-1,2/CA3
-0.07755333185195923,GACTGCGGCACGTGTA-1,4/HYL
-0.07755333185195923,GAGACTGATGGGTAGA-1,6/TH
-0.07755333185195923,GAGACTTCGCGACCGA-1,8/PIR
-0.07755333185195923,GAGAGGGCGCGAGGTT-1,3/fxs
-0.07755333185195923,GAGAGGTGCATTCTGG-1,5/CTXsp
-0.07755333185195923,GAGATCTGCTTGGCAT-1,4/HYL
-0.07755333185195923,GAGATCTGTCACTCCG-1,6/TH
-0.07755333185195923,GAGATCTTCCATGACA-1,2/CA3
-0.07755333185195923,GAGATGACAATCCTTA-1,"0/V,VIa,VIb"
-0.4772709906101227,GAGATGGGAGTCGACA-1,3/fxs
0.0,GAGCACCTGTGTCCAG-1,"0/V,VIa,VIb"
0.0,GAGCACGGCGCCTCTT-1,"7/II,III,IV"
-0.07755333185195923,GAGCATCATCCCTGGG-1,3/fxs
-0.07755333185195923,GAGCCAGCTACCTGTG-1,"0/V,VIa,VIb"
-0.07755333185195923,GAGCCGAGCGTTTATT-1,9/I
-0.07755333185195923,GAGCGAGGGAGTACCG-1,1/MB
-0.07755333185195923,GAGCGCAAATACTCCG-1,"7/II,III,IV"
-0.07755333185195923,GAGCGCGCACGAGTAG-1,3/fxs
-0.07755333185195923,GAGCTAAGGGCATATC-1,6/TH
-0.07755333185195923,GAGCTCTCGGACCTAA-1,1/MB
-0.07755333185195923,GAGCTGTCGTCTCGGA-1,3/fxs
-0.07755333185195923,GAGGAATGGAGAGGTT-1,4/HYL
0.0,GAGGATAAACAGTGCT-1,"0/V,VIa,VIb"
-0.07755333185195923,GAGGCATTTGCAGCAG-1,"0/V,VIa,VIb"
-0.07755333185195923,GAGGCCCGACTCCGCA-1,5/CTXsp
-0.07755333185195923,GAGGCTATCAAAGTCG-1,10/COA
-0.07755333185195923,GAGGGAGTCAGATCGC-1,9/I
-0.07755333185195923,GAGGGCCATAATATTA-1,"0/V,VIa,VIb"
-0.07755333185195923,GAGGGCGCAGCTCTGC-1,9/I
-0.07755333185195923,GAGGGTAGTAACAAAG-1,9/I
-0.07755333185195923,GAGGTACGCGTGTCCC-1,9/I
-0.07755333185195923,GAGGTCCCAAAGATCT-1,1/MB
-0.07755333185195923,GAGTAAACCGGAAAGT-1,9/I
-0.07755333185195923,GAGTAAGGCCACGGGA-1,5/CTXsp
-0.07755333185195923,GAGTACGGGTATACAA-1,1/MB
0.0,GAGTAGATACTAGTTG-1,8/PIR
-0.07755333185195923,GAGTATGCCCGCCTTG-1,3/fxs
0.0,GAGTATGCGCGTGCAT-1,"7/II,III,IV"
-0.07755333185195923,GAGTCAGACCAGAATC-1,8/PIR
1.920738677183787,GAGTCCGCTTACCGGA-1,3/fxs
-0.07755333185195923,GAGTCGACAGACCCTC-1,10/COA
-0.07755333185195923,GAGTCTTGTAAAGGAC-1,5/CTXsp
0.0,GAGTGCACGGACAACA-1,"0/V,VIa,VIb"
0.0,GAGTGTCAACCAGAAA-1,"7/II,III,IV"
-0.07755333185195923,GAGTGTGCGGTACCCA-1,13/CA1-pyramidal layer of the hippocampus
-0.07755333185195923,GAGTTGATGGCAATTT-1,5/CTXsp
-0.07755333185195923,GATAAATCGGTGGATG-1,1/MB
-0.07755333185195923,GATAACTCGCACTGTG-1,2/CA3
0.0,GATACCGTGTCGGAGT-1,"7/II,III,IV"
0.0,GATACGATGGGAGTCA-1,12/VL
-0.07755333185195923,GATAGCGTACCACGCG-1,1/MB
-0.07755333185195923,GATAGGATTAATTACA-1,"7/II,III,IV"
-0.07755333185195923,GATAGGTAACGTTGAC-1,3/fxs
-0.07755333185195923,GATAGGTGTCCCGGGC-1,"7/II,III,IV"
-0.07755333185195923,GATATCAAGCAGGAGC-1,9/I
-0.07755333185195923,GATATCTCATGCAATA-1,1/MB
-0.07755333185195923,GATATGAGACACTAAC-1,2/CA3
-0.07755333185195923,GATATGCGGTAGCCAA-1,9/I
-0.07755333185195923,GATATGGATTACGCGG-1,4/HYL
-0.07755333185195923,GATATTGAGATTGGCG-1,2/CA3
-0.07755333185195923,GATATTTCCTACATGG-1,9/I
-0.07755333185195923,GATCAACATAAAGGGA-1,5/CTXsp
-0.07755333185195923,GATCATTCCAAACATT-1,6/TH
-0.07755333185195923,GATCCCTTTATACTGC-1,6/TH
-0.07755333185195923,GATCCGAATATAAGTG-1,"7/II,III,IV"
-0.07755333185195923,GATCCGGGAATTAACA-1,6/TH
-1.2101630568504333,GATCCTAAATCGGGAC-1,2/CA3
-0.07755333185195923,GATCCTCGACACTGGC-1,8/PIR
-0.07755333185195923,GATCGACACTATCTGA-1,4/HYL
-0.07755333185195923,GATCGCGGGCTCTCCA-1,4/HYL
0.0,GATCGCTACCCGATTT-1,"0/V,VIa,VIb"
-0.07755333185195923,GATCGCTATATCTCAG-1,9/I
-0.07755333185195923,GATCGGATAGAACCAT-1,5/CTXsp
-0.07755333185195923,GATCGGCGATAAGTCG-1,1/MB
-0.07755333185195923,GATCGGTGGCCATAAC-1,6/TH
-0.07755333185195923,GATCGTGACTGATATC-1,6/TH
-0.07755333185195923,GATCTAACCGTATTCA-1,5/CTXsp
-0.07755333185195923,GATCTCGACGCTGTGG-1,9/I
-0.07755333185195923,GATCTGCTATCTAAGG-1,8/PIR
-0.07755333185195923,GATCTTCATTGTCCTC-1,1/MB
-0.07755333185195923,GATCTTGGAGGGCATA-1,2/CA3
-0.07755333185195923,GATCTTTGCAGGGTAT-1,3/fxs
-0.07755333185195923,GATCTTTGCTCAAAGA-1,9/I
-0.07755333185195923,GATGACAAGTAGGGCA-1,5/CTXsp
-0.07755333185195923,GATGACGATGATCGCG-1,3/fxs
-0.07755333185195923,GATGCCAGCAGAAGGC-1,1/MB
-0.07755333185195923,GATGCCTTCTGCGGCA-1,9/I
-0.07755333185195923,GATGCGAATGGTATTA-1,1/MB
-0.07755333185195923,GATGCGTCCTGCATTC-1,4/HYL
-0.07755333185195923,GATGCTACAAGCGCCT-1,11/Parafascicular nucleus
0.0,GATGCTGTATTTCATC-1,2/CA3
-0.07755333185195923,GATGGCGCACACATTA-1,1/MB
-0.07755333185195923,GATGTAACGAACCACC-1,5/CTXsp
-0.07755333185195923,GATGTTCAATCCACGA-1,3/fxs
-0.07755333185195923,GATGTTTGTGCGAGAT-1,1/MB
-0.07755333185195923,GATTAACCGAAAGCCC-1,"0/V,VIa,VIb"
-0.07755333185195923,GATTACTGAATTTGGG-1,12/VL
-0.07755333185195923,GATTCCCTTGTCGCAG-1,6/TH
-0.07755333185195923,GATTCCGCGTTTCCGT-1,1/MB
-0.07755333185195923,GATTCCTATACGGCGC-1,1/MB
-0.07755333185195923,GATTCGACGGTTCACG-1,2/CA3
-0.07755333185195923,GATTGGGAAAGGTTGT-1,"7/II,III,IV"
-0.07755333185195923,GATTTAGTGCGTACTG-1,"0/V,VIa,VIb"
12.685796419779459,GCAAACCCTACATTAT-1,2/CA3
-0.07755333185195923,GCAAACCTTGGCCATA-1,"0/V,VIa,VIb"
-0.07755333185195923,GCAAACGTCGCCAGGT-1,"7/II,III,IV"
-0.07755333185195923,GCAAATATTACGCTTT-1,3/fxs
0.0,GCAAATGAGGACACTT-1,10/COA
-0.07755333185195923,GCAACACACTAGAACT-1,5/CTXsp
-0.07755333185195923,GCAACAGCAGTATGCG-1,"0/V,VIa,VIb"
-0.07755333185195923,GCAACCACGGCCGCGT-1,8/PIR
-0.07755333185195923,GCAACGGCTAGTTATG-1,"0/V,VIa,VIb"
-0.4366193413734436,GCAAGAATTCCTTGGC-1,8/PIR
-0.07755333185195923,GCAAGCTGGAAACCGC-1,9/I
-0.07755333185195923,GCAAGTGCACAGAGAA-1,4/HYL
-0.07755333185195923,GCAATTAGTCGCACCG-1,"0/V,VIa,VIb"
-0.07755333185195923,GCACAAACGAGGCGTG-1,"7/II,III,IV"
-0.5817959904670715,GCACAAGTGGATCATA-1,1/MB
-0.07755333185195923,GCACACACTGGTAGCC-1,"7/II,III,IV"
-0.07755333185195923,GCACACGCCCATGGTC-1,10/COA
-0.07755333185195923,GCACGCCTACTTAGAT-1,8/PIR
-0.07755333185195923,GCACTAGTCGCGCTAT-1,1/MB
-0.07755333185195923,GCACTGCCTACCTTTA-1,"7/II,III,IV"
-0.07755333185195923,GCAGACCCAGCACGTA-1,2/CA3
-0.07755333185195923,GCAGATCCATAAGACT-1,3/fxs
-0.07755333185195923,GCAGATCCTCGCAAAT-1,1/MB
-0.07755333185195923,GCAGATTAGGGATATC-1,4/HYL
-0.07755333185195923,GCAGCACACAGCCCAG-1,3/fxs
-0.07755333185195923,GCAGCCTATATCACAT-1,"0/V,VIa,VIb"
-0.07755333185195923,GCAGCTATGGACAGGT-1,"0/V,VIa,VIb"
-0.07755333185195923,GCAGGAACTTAGATCT-1,5/CTXsp
-0.07755333185195923,GCAGGACTATAGAATA-1,3/fxs
-0.07755333185195923,GCAGGTAGAGTATGGT-1,9/I
0.0,GCAGTGTGGCTATAGG-1,"0/V,VIa,VIb"
-0.07755333185195923,GCATACGAGGTCTTTA-1,10/COA
-0.07755333185195923,GCATAGAGCACTCAGG-1,4/HYL
-0.07755333185195923,GCATCCCTAACTTTGA-1,1/MB
-0.07755333185195923,GCATCGGCCGTGTAGG-1,9/I
-0.07755333185195923,GCATGAGGGACGCGGC-1,2/CA3
-0.07755333185195923,GCATGGGTACTGACGC-1,10/COA
-0.07755333185195923,GCATTCAAGGCAACGC-1,2/CA3
-0.07755333185195923,GCATTCGAAATGAACA-1,9/I
-0.07755333185195923,GCATTGACTTGCGGAA-1,5/CTXsp
-0.07755333185195923,GCATTGTAATTCATAT-1,5/CTXsp
-0.07755333185195923,GCATTTCCAAGGCTCC-1,2/CA3
-0.07755333185195923,GCCAACCATTTCCGGA-1,2/CA3
-0.07755333185195923,GCCAAGAATACTTCTG-1,5/CTXsp
-0.07755333185195923,GCCAATAGGGCATCTC-1,2/CA3
-0.5263217985630035,GCCACAATTTAAGGAC-1,12/VL
0.0,GCCACTCAGAGCGCGA-1,"7/II,III,IV"
-0.07755333185195923,GCCAGGAGTAACCGAT-1,4/HYL
-0.07755333185195923,GCCATATTGCACACAG-1,4/HYL
-0.07755333185195923,GCCATCGAGCTGCGTG-1,8/PIR
-0.07755333185195923,GCCATCGATGCTGCAT-1,13/CA1-pyramidal layer of the hippocampus
-0.07755333185195923,GCCATTAGCCTCAAAC-1,5/CTXsp
-0.07755333185195923,GCCCACCAAGGCTGTC-1,3/fxs
0.0,GCCCAGATGCTGGAGA-1,"7/II,III,IV"
-0.07755333185195923,GCCCAGTTGGTATGCC-1,4/HYL
-0.07755333185195923,GCCCGACTTCTTCCCG-1,5/CTXsp
-0.07755333185195923,GCCCGATCTGTGGTCG-1,3/fxs
-0.07755333185195923,GCCCGCGCGTAAACGG-1,8/PIR
-0.07755333185195923,GCCCGCGCGTTTGACA-1,4/HYL
-0.07755333185195923,GCCCGTAATACCTTCT-1,6/TH
-0.07755333185195923,GCCCTAGCCGTCGCGA-1,5/CTXsp
-0.07755333185195923,GCCGAAATTCCTACGT-1,4/HYL
-0.07755333185195923,GCCGACCCACGACTGC-1,9/I
-0.07755333185195923,GCCGATTGGCCAAGCT-1,4/HYL
0.0,GCCGCACTCCGTTTCA-1,"7/II,III,IV"
-0.07755333185195923,GCCGCATTAGTCCGGC-1,10/COA
-0.07755333185195923,GCCGCTTGTGAGAAAC-1,3/fxs
-0.07755333185195923,GCCGGGTTAGGGTCGC-1,4/HYL
-0.07755333185195923,GCCGTGGAAGAAATGT-1,"0/V,VIa,VIb"
-0.07755333185195923,GCCTAGCGATCTGACC-1,4/HYL
-0.07755333185195923,GCCTATAGTGTCAGGG-1,2/CA3
-0.07755333185195923,GCCTATGCTGGGCCTT-1,"0/V,VIa,VIb"
-0.07755333185195923,GCCTATTCCGATATAG-1,1/MB
-0.07755333185195923,GCCTCATCTGGAAATA-1,13/CA1-pyramidal layer of the hippocampus
-0.07755333185195923,GCCTCCGACAATTCAC-1,"7/II,III,IV"
0.0,GCCTCTATACATAGCA-1,"0/V,VIa,VIb"
-0.07755333185195923,GCCTTCAGCCCTACCG-1,11/Parafascicular nucleus
-0.07755333185195923,GCCTTGTATATGCAGT-1,1/MB
-0.07755333185195923,GCGAAACGATCGGGAG-1,"7/II,III,IV"
-0.07755333185195923,GCGAAACTTAACTGGA-1,2/CA3
-0.07755333185195923,GCGAAGAATCTGACGG-1,9/I
-0.07755333185195923,GCGAAGCCATACCCGT-1,6/TH
-0.07755333185195923,GCGACATGTAAACATC-1,2/CA3
0.0,GCGACCCAACCATCTG-1,5/CTXsp
-0.8177193403244019,GCGACGATAGTTGTAC-1,12/VL
-0.07755333185195923,GCGAGAAACGGGAGTT-1,1/MB
-0.07755333185195923,GCGAGAGGCCATGTAA-1,3/fxs
-0.07755333185195923,GCGAGAGTTGCGTCCA-1,13/CA1-pyramidal layer of the hippocampus
-0.07755333185195923,GCGAGCGCATGCTCCC-1,3/fxs
-0.07755333185195923,GCGAGGCCCGAGCAGA-1,4/HYL
-0.07755333185195923,GCGAGTTCTGCAAAGA-1,4/HYL
-0.07755333185195923,GCGATGTCTGTGCTTG-1,1/MB
-0.07755333185195923,GCGATTGTTAACGTTA-1,6/TH
-0.07755333185195923,GCGCAAATATATTCAA-1,5/CTXsp
-0.07755333185195923,GCGCAAGAGCGCGCTG-1,13/CA1-pyramidal layer of the hippocampus
-0.07755333185195923,GCGCATCCAGTCAGCA-1,2/CA3
-0.07755333185195923,GCGCCGTTCCACGATA-1,4/HYL
0.0,GCGCCTCCCACTCCGA-1,"7/II,III,IV"
0.0,GCGCGTCATTGGTACA-1,"0/V,VIa,VIb"
-0.07755333185195923,GCGCTAATTGAATAGA-1,6/TH
-0.07755333185195923,GCGCTATGCCGAGGCA-1,12/VL
-0.07755333185195923,GCGCTGATCCAGACTC-1,4/HYL
-0.3602703809738159,GCGCTGCTTTGCATTT-1,2/CA3
0.0,GCGCTTAAATAATTGG-1,"0/V,VIa,VIb"
-0.07755333185195923,GCGGACCGCGTTGTGG-1,8/PIR
-0.07755333185195923,GCGGAGAAACTTCGCA-1,8/PIR
-0.07755333185195923,GCGGAGAGGGAGAACG-1,2/CA3
-0.07755333185195923,GCGGCAAAGTATTGCC-1,5/CTXsp
-0.07755333185195923,GCGGCTCTGACGTACC-1,3/fxs
-0.07755333185195923,GCGGGAACCAGGCCCT-1,11/Parafascicular nucleus
-0.07755333185195923,GCGGGCATTACGATGC-1,"0/V,VIa,VIb"
-0.07755333185195923,GCGGGCGAGCCTTACC-1,8/PIR
-0.07755333185195923,GCGGTCCCGGTGAAGG-1,"0/V,VIa,VIb"
-0.07755333185195923,GCGGTCCCTAGACGCA-1,1/MB
-0.07755333185195923,GCGGTGAACTGCGCTC-1,9/I
-0.07755333185195923,GCGGTGCGGAGCATCG-1,1/MB
-0.07755333185195923,GCGGTTCCCTATCATG-1,12/VL
-0.07755333185195923,GCGTAAATGGCCATAA-1,2/CA3
-0.07755333185195923,GCGTCCCTAAGACATA-1,5/CTXsp
-0.07755333185195923,GCGTCGAAATGTCGGT-1,11/Parafascicular nucleus
-0.07755333185195923,GCGTCGCCAGGGTGAT-1,3/fxs
0.0,GCGTCTAACCTCCTAA-1,"7/II,III,IV"
-0.07755333185195923,GCGTCTCTGCATTGGG-1,3/fxs
-0.07755333185195923,GCGTGGTACTGGGTTA-1,2/CA3
0.0,GCGTTATATTTGGAAC-1,10/COA
-0.07755333185195923,GCGTTCGGAGACCGGG-1,3/fxs
-0.07755333185195923,GCTAAACCTGAGGTGA-1,1/MB
-0.07755333185195923,GCTAACTGAAGTCTGA-1,"0/V,VIa,VIb"
-0.07755333185195923,GCTAAGTAAAGGCGAT-1,9/I
-0.07755333185195923,GCTAAGTAGTTTCTCT-1,6/TH
-0.07755333185195923,GCTAATACCGAATGCC-1,6/TH
-0.07755333185195923,GCTACAGTACGGACCG-1,5/CTXsp
-0.07755333185195923,GCTACGACTTATTGGG-1,2/CA3
-0.07755333185195923,GCTACTATAGTAGAGT-1,"0/V,VIa,VIb"
-0.07755333185195923,GCTAGACCGTCTACTG-1,3/fxs
-0.07755333185195923,GCTAGAGTAGAGATGT-1,"7/II,III,IV"
-0.07755333185195923,GCTAGCACCTGGGCCA-1,"7/II,III,IV"
-0.07755333185195923,GCTAGCAGGGAGTGGG-1,"0/V,VIa,VIb"
-0.07755333185195923,GCTAGCTTGAATAGCT-1,8/PIR
-0.07755333185195923,GCTAGGCACCACGGAG-1,"0/V,VIa,VIb"
-0.07755333185195923,GCTAGTAGAGCTTGTA-1,4/HYL
-0.07755333185195923,GCTAGTTTCATTGAGG-1,1/MB
0.0,GCTATACGTCTCGGAC-1,"0/V,VIa,VIb"
-0.07755333185195923,GCTATCATACTCATGG-1,"0/V,VIa,VIb"
-0.07755333185195923,GCTATCGCGGCGCAAC-1,1/MB
-0.07755333185195923,GCTATGCCAGCTTATG-1,5/CTXsp
-0.07755333185195923,GCTCAACCTCTTAGAG-1,1/MB
-0.07755333185195923,GCTCAATCCGTTTATT-1,8/PIR
-0.07755333185195923,GCTCAATGTAATACCG-1,8/PIR
-0.07755333185195923,GCTCCCAGTCGGTCCA-1,"0/V,VIa,VIb"
-0.07755333185195923,GCTCCGCTCGCTTCAG-1,"0/V,VIa,VIb"
-0.07755333185195923,GCTCCTGACATACTGG-1,5/CTXsp
-0.07755333185195923,GCTCGCGGTTCCGCTC-1,1/MB
-0.07755333185195923,GCTCGCTCATGTCCAA-1,13/CA1-pyramidal layer of the hippocampus
-0.07755333185195923,GCTCGGAATTTAAAGC-1,4/HYL
0.0,GCTCTAAACCCTGACG-1,6/TH
-0.07755333185195923,GCTCTATGTTACGTGC-1,4/HYL
-0.07755333185195923,GCTCTCGGGTACCGAA-1,6/TH
-0.07755333185195923,GCTCTTTCCGCTAGTG-1,"7/II,III,IV"
-0.07755333185195923,GCTGAACTCTCCAGGG-1,"7/II,III,IV"
-0.07755333185195923,GCTGAATCTTCCAATC-1,9/I
-0.07755333185195923,GCTGAGCAACGGTTCT-1,1/MB
-0.07755333185195923,GCTGAGGCGTGAGTAT-1,4/HYL
-0.07755333185195923,GCTGCACGGTTTCTTA-1,2/CA3
-0.07755333185195923,GCTGCGCCTCCCACGT-1,1/MB
0.0,GCTGCTAAGTAGTCGA-1,8/PIR
-0.07755333185195923,GCTGCTACTGCGTAGC-1,3/fxs
-0.07755333185195923,GCTGCTCTCCGGACAC-1,6/TH
-0.07755333185195923,GCTGGACCCAAAGTGG-1,"0/V,VIa,VIb"
-0.07755333185195923,GCTGGCATATTCACCT-1,4/HYL
-0.07755333185195923,GCTGGCGGCGCATGCT-1,3/fxs
-0.07755333185195923,GCTGTATTACTGGCCC-1,8/PIR
-0.07755333185195923,GCTGTTGCTACCGAAC-1,2/CA3
-0.07755333185195923,GCTTAATGTAACTAAC-1,2/CA3
-0.07755333185195923,GCTTACGTAGTTAGTA-1,3/fxs
-0.07755333185195923,GCTTAGGGAAGCGGTA-1,9/I
-0.07755333185195923,GCTTATGAAGCAGGAA-1,2/CA3
-0.07755333185195923,GCTTCCGTCCCTAGAC-1,6/TH
-0.07755333185195923,GCTTGATGATAATCAG-1,4/HYL
-0.07755333185195923,GCTTGCAGCACAATTG-1,3/fxs
-0.07755333185195923,GCTTGGATCGATTAGG-1,2/CA3
-0.07755333185195923,GCTTTCAGAGGAGGTG-1,2/CA3
-0.07755333185195923,GGAAACCTTGTTGAAT-1,3/fxs
-0.07755333185195923,GGAAAGTGCCCATGCC-1,4/HYL
-0.07755333185195923,GGAACCCGAACAAGAA-1,1/MB
9.445558547973633,GGAACCGTGTAAATTG-1,8/PIR
-0.07755333185195923,GGAACCTTGACTCTGC-1,9/I
-0.07755333185195923,GGAACGGCCTGCAGCC-1,1/MB
-0.07755333185195923,GGAATGCGCTAGCGTG-1,6/TH
-0.07755333185195923,GGACAAGTTGCAGTGA-1,10/COA
-0.07755333185195923,GGACACAAGTTTACAC-1,"7/II,III,IV"
-0.07755333185195923,GGACCAACAGGATAAC-1,3/fxs
-0.07755333185195923,GGACCTACGGTAACGT-1,3/fxs
0.0,GGACCTCTAGGCCGCC-1,5/CTXsp
-0.07755333185195923,GGACGTCCATAGTTGG-1,"0/V,VIa,VIb"
-0.07755333185195923,GGACTCGTGAGTGGTC-1,9/I
-0.07755333185195923,GGAGAAGTCATTGGCA-1,4/HYL
-0.07755333185195923,GGAGACCAATGTGCTT-1,3/fxs
-0.07755333185195923,GGAGACCATCTACATA-1,5/CTXsp
-0.07755333185195923,GGAGACGACACCTTTG-1,2/CA3
-0.07755333185195923,GGAGCAACATTTCAAG-1,"7/II,III,IV"
-0.07755333185195923,GGAGCACCAAGAACTA-1,6/TH
-0.07755333185195923,GGAGCGAGGCCTACTT-1,"7/II,III,IV"
0.0,GGAGGCCGAAGTCGTC-1,"0/V,VIa,VIb"
0.09961109763632217,GGAGGGCTTGGTTGGC-1,6/TH
-0.07755333185195923,GGAGTACACATGAGCT-1,1/MB
-0.07755333185195923,GGAGTGCCGCCCTGGA-1,11/Parafascicular nucleus
-0.07755333185195923,GGATCAGAGCCATCAG-1,5/CTXsp
-0.07755333185195923,GGATCATCCCGTACGC-1,"0/V,VIa,VIb"
-0.07755333185195923,GGATCCGGAATATACT-1,6/TH
-0.07755333185195923,GGATCTTGACTCAACC-1,5/CTXsp
-0.07755333185195923,GGATGAAGATCGCTGA-1,13/CA1-pyramidal layer of the hippocampus
-0.07755333185195923,GGATGACGCGAGTTTA-1,3/fxs
-0.07755333185195923,GGATGCTGGCGTTCCT-1,10/COA
-0.07755333185195923,GGATGTCCTTACCGCA-1,2/CA3
0.0,GGATTCAGTACGGTGG-1,1/MB
-0.07755333185195923,GGATTCCGCTATACCC-1,4/HYL
-0.07755333185195923,GGATTGCTGTGACTCC-1,"0/V,VIa,VIb"
-0.07755333185195923,GGATTTCACTTCTATA-1,6/TH
-0.07755333185195923,GGCAAAGGCGCCAATA-1,8/PIR
-0.07755333185195923,GGCAAATTACTTTACT-1,3/fxs
-0.07755333185195923,GGCAAGCCAGGGATAG-1,"0/V,VIa,VIb"
-0.07755333185195923,GGCAAGCCCATAGTGG-1,9/I
-0.07755333185195923,GGCAAGGCGAAATAGC-1,2/CA3
-0.07755333185195923,GGCAATAGTCAATGAG-1,6/TH
-0.07755333185195923,GGCACTCCACTGGGCA-1,4/HYL
-0.07755333185195923,GGCAGAGAGATCGGGA-1,9/I
-0.07755333185195923,GGCAGCAAACCTATGC-1,"0/V,VIa,VIb"
-0.07755333185195923,GGCAGCGGTAATCCTA-1,9/I
-0.07755333185195923,GGCATACAGGTAGCGG-1,3/fxs
-0.07755333185195923,GGCATATCGGTTCTGC-1,1/MB
1.5476096272468567,GGCCACACGAAAGCCT-1,9/I
-0.07755333185195923,GGCCCAGTTATCAGCA-1,9/I
0.0,GGCCCGGAGCATGTCT-1,"0/V,VIa,VIb"
-0.07755333185195923,GGCCCGTATACCATGC-1,"0/V,VIa,VIb"
-0.07755333185195923,GGCCCTCACCCACTTA-1,10/COA
-0.07755333185195923,GGCCGAGACTCTGGTG-1,9/I
-0.07755333185195923,GGCCGGCGTCTGCTAT-1,"7/II,III,IV"
-0.07755333185195923,GGCCGTTTGGGTTTCA-1,8/PIR
-0.07755333185195923,GGCCTTTGCAACTGGC-1,10/COA
-0.07755333185195923,GGCGAAATCTAACTTG-1,2/CA3
-0.07755333185195923,GGCGAACCGTTCTGAT-1,"0/V,VIa,VIb"
-0.07755333185195923,GGCGAGCGAAACGGCA-1,5/CTXsp
-0.07755333185195923,GGCGCAGGACATCTTC-1,10/COA
-0.07755333185195923,GGCGCATGAATTGATG-1,3/fxs
0.0,GGCGCGGAGATCTTTC-1,"0/V,VIa,VIb"
-0.07755333185195923,GGCGCGTTCGAGTTTA-1,3/fxs
-0.07755333185195923,GGCGCTCCTCATCAAT-1,1/MB
-0.07755333185195923,GGCGCTTCATTCCCTG-1,"7/II,III,IV"
-0.07755333185195923,GGCGGAGTAATATTAG-1,4/HYL
-0.07755333185195923,GGCGGTAGGATCATTG-1,6/TH
-0.07755333185195923,GGCGGTTTGCCGGTGC-1,1/MB
0.0,GGCGTAGGGAAAGCTG-1,"7/II,III,IV"
-0.07755333185195923,GGCGTCCTATCCGCTG-1,4/HYL
-0.07755333185195923,GGCTAAAGGGCGGGTC-1,"0/V,VIa,VIb"
-0.07755333185195923,GGCTACTATACACTCC-1,9/I
-0.07755333185195923,GGCTATTAAGTTGTAT-1,4/HYL
-0.07755333185195923,GGCTCCTCCACCTGTT-1,8/PIR
-0.07755333185195923,GGCTCGCGTTGAGGTA-1,2/CA3
-0.07755333185195923,GGCTCGTGCCACCAGC-1,4/HYL
-0.07755333185195923,GGCTCTGCTCCAACGC-1,6/TH
-0.07755333185195923,GGCTGAAATAGCAAAG-1,2/CA3
-0.07755333185195923,GGCTGGCTAGCTTAAA-1,1/MB
0.0,GGCTTTCAATAAGGGT-1,8/PIR
0.0,GGGAACGGGAGGTTAG-1,9/I
-0.07755333185195923,GGGAAGACGGTCTGTC-1,"7/II,III,IV"
-0.07755333185195923,GGGAAGGGCTTTCTCA-1,"7/II,III,IV"
-0.07755333185195923,GGGAATGAGCCCTCAC-1,3/fxs
-0.07755333185195923,GGGACAGAGTTACTCC-1,5/CTXsp
0.0,GGGACCCGTATATCTT-1,8/PIR
-0.07755333185195923,GGGACTGCATAGATAG-1,6/TH
-0.07755333185195923,GGGAGAACTCACAGTA-1,6/TH
-0.07755333185195923,GGGAGGATGCCCGAAA-1,4/HYL
0.966581384340922,GGGAGTTAATGAGGCG-1,6/TH
-0.07755333185195923,GGGATACGGTAATAAT-1,1/MB
-0.07755333185195923,GGGATCCCAATACAAA-1,"0/V,VIa,VIb"
-0.07755333185195923,GGGATTTACCGCACCT-1,2/CA3
-0.07755333185195923,GGGCAACCGCACGTGC-1,5/CTXsp
-0.07755333185195923,GGGCAGACGTCACTGC-1,5/CTXsp
0.0,GGGCAGAGCAATCGTT-1,8/PIR
-0.07755333185195923,GGGCCCGTCTTAAACA-1,3/fxs
-0.07755333185195923,GGGCCCTACGAAAGGG-1,10/COA
-0.07755333185195923,GGGCCCTTATCTATAC-1,9/I
-0.07755333185195923,GGGCCGGCCGAAGTAC-1,2/CA3
-0.07755333185195923,GGGCCTAAATGGGCTA-1,5/CTXsp
-0.07755333185195923,GGGCCTATTTAAGTAT-1,"0/V,VIa,VIb"
-0.07755333185195923,GGGCGAATTTCTCCAC-1,1/MB
-0.07755333185195923,GGGCGATATGTGTGAA-1,6/TH
-0.07755333185195923,GGGCGCAGCGTTACTC-1,"0/V,VIa,VIb"
1.3928547501564026,GGGCGGCAAATGAATT-1,8/PIR
-0.9809216856956482,GGGCGGGTTCCCTACG-1,12/VL
-0.07755333185195923,GGGCGGTCCTATTGTC-1,1/MB
-0.07755333185195923,GGGCGTACATTTATAT-1,6/TH
0.0,GGGCGTCACCACGTAA-1,12/VL
-0.07755333185195923,GGGCGTCCACTGGCTC-1,1/MB
-0.07755333185195923,GGGCGTGGTTTCCCAG-1,"7/II,III,IV"
-0.07755333185195923,GGGCTACTATTTCGTG-1,5/CTXsp
0.0,GGGCTATGATCGATGG-1,8/PIR
-0.07755333185195923,GGGCTCATCGAACCCA-1,9/I
0.0,GGGCTGCCTAGGGCGA-1,6/TH
-0.07755333185195923,GGGCTGGTTAGTCGCG-1,4/HYL
-0.07755333185195923,GGGTACCCACGGTCCT-1,1/MB
-0.07755333185195923,GGGTACTTCATGAACT-1,3/fxs
-0.07755333185195923,GGGTATGTATGCACTT-1,4/HYL
-0.07755333185195923,GGGTATTCTAGCAAAC-1,5/CTXsp
-0.07755333185195923,GGGTCACCGTGACGGT-1,4/HYL
-0.07755333185195923,GGGTCAGGAGCTAGAT-1,"7/II,III,IV"
-0.07755333185195923,GGGTCATGCGTACCAT-1,1/MB
-0.07755333185195923,GGGTCGTGGCAAGTGT-1,13/CA1-pyramidal layer of the hippocampus
14.1749183734258,GGGTGACACCTTAACT-1,3/fxs
-0.07755333185195923,GGGTGCATATGAAAGC-1,2/CA3
-0.07755333185195923,GGGTGTTTCAGCTATG-1,11/Parafascicular nucleus
-0.07755333185195923,GGGTTAACATTTGAGT-1,8/PIR
-0.07755333185195923,GGGTTCAGACGAACAA-1,1/MB
-0.07755333185195923,GGGTTTAGGATAGGAT-1,"0/V,VIa,VIb"
0.0,GGTAACCGGGAGGATA-1,5/CTXsp
-0.07755333185195923,GGTAACTATGTATCTG-1,1/MB
-0.07755333185195923,GGTACAAACATGCTAT-1,4/HYL
-0.07755333185195923,GGTACACCAGATTTAT-1,3/fxs
-0.07755333185195923,GGTACATCTGGGACGA-1,10/COA
-0.07755333185195923,GGTACCATTAAGACGG-1,2/CA3
-0.07755333185195923,GGTAGAAGACCGCCTG-1,3/fxs
-0.07755333185195923,GGTAGACCGTTGGGCG-1,8/PIR
-0.07755333185195923,GGTAGTGCTCGCACCA-1,6/TH
-0.07755333185195923,GGTATAGTGACACATA-1,"0/V,VIa,VIb"
-0.07755333185195923,GGTATTGCCGAGTTTA-1,4/HYL
0.0,GGTCAAGACTACTTCG-1,"7/II,III,IV"
-0.07755333185195923,GGTCAGTGGGTCCCAC-1,3/fxs
-0.07755333185195923,GGTCATTGTAGTCATA-1,"0/V,VIa,VIb"
-0.07755333185195923,GGTCGGATAAACGGCG-1,2/CA3
-0.07755333185195923,GGTCGGCCAGGAGCTT-1,6/TH
0.0,GGTCGGTCGTCCACAG-1,8/PIR
-0.07755333185195923,GGTCGTAAGCTCGCAC-1,5/CTXsp
-0.07755333185195923,GGTCTCTGAATGGACT-1,8/PIR
-0.07755333185195923,GGTCTGAGAATCTGGA-1,6/TH
-0.07755333185195923,GGTCTTGAGCGCTCTT-1,"7/II,III,IV"
-0.07755333185195923,GGTGAAGTACAGGGAT-1,3/fxs
0.0,GGTGAGATGCAGATAA-1,1/MB
-0.07755333185195923,GGTGATAAGGAGCAGT-1,6/TH
-0.07755333185195923,GGTGCAGAGCCTATCG-1,9/I
-0.07755333185195923,GGTGCGGATAAGTGGC-1,1/MB
-0.07755333185195923,GGTGCTGATCACAAAG-1,4/HYL
-0.07755333185195923,GGTGCTGGTACACATT-1,3/fxs
0.0,GGTGGACTGCTCTGGC-1,"0/V,VIa,VIb"
-0.07755333185195923,GGTGGAGGTTGATACG-1,"7/II,III,IV"
-0.07755333185195923,GGTTACCACCCTCGGG-1,8/PIR
-0.07755333185195923,GGTTACCCGACACTTT-1,"0/V,VIa,VIb"
-0.07755333185195923,GGTTAGCTATATGTCT-1,2/CA3
-0.07755333185195923,GGTTAGGCTTGGAGAA-1,4/HYL
-0.07755333185195923,GGTTAGTTACGGCGCC-1,4/HYL
-0.07755333185195923,GGTTCGGATTATACTA-1,10/COA
-0.07755333185195923,GGTTCTACTCGTCTGA-1,2/CA3
-0.07755333185195923,GGTTGTGCTCTTGTCC-1,1/MB
0.0,GGTTGTGTAGCCTGGC-1,10/COA
-0.07755333185195923,GGTTTAATTACCATCG-1,5/CTXsp
-0.07755333185195923,GGTTTAATTGAGCAGG-1,3/fxs
-0.07755333185195923,GGTTTACAATCTCAAT-1,6/TH
-0.07755333185195923,GGTTTAGCCTTTCTTG-1,"0/V,VIa,VIb"
-0.07755333185195923,GGTTTCAATCGGTCAG-1,2/CA3
-0.07755333185195923,GGTTTGACAAGAAGCT-1,9/I
-0.07755333185195923,GGTTTGAGTGCTGGAA-1,1/MB
-0.07755333185195923,GGTTTGCGAACACGTA-1,"0/V,VIa,VIb"
-0.07755333185195923,GTAAGCGGGCAGTCAG-1,6/TH
-0.07755333185195923,GTAAGTAACAGTCTGG-1,2/CA3
-0.07755333185195923,GTAAGTAGGGTATACC-1,4/HYL
0.0,GTAAGTCCACACTCTA-1,"7/II,III,IV"
-0.07755333185195923,GTAATAAAGGGCTCCC-1,2/CA3
-0.07755333185195923,GTAATCTGATTCTTCG-1,8/PIR
-0.07755333185195923,GTACACTTACCTGAAG-1,4/HYL
-0.07755333185195923,GTACAGAGGCAAGGGT-1,2/CA3
-0.07755333185195923,GTACGACGGCGCTGCG-1,1/MB
-0.07755333185195923,GTACGAGATTGCGACA-1,11/Parafascicular nucleus
0.0,GTACGCTTCATTGCAC-1,2/CA3
-0.07755333185195923,GTACGTTTGCCCGTCA-1,2/CA3
-0.07755333185195923,GTACTAAGATTTGGAG-1,6/TH
-0.07755333185195923,GTACTCCCTTATCGCT-1,10/COA
-0.07755333185195923,GTACTCCTGGGTATGC-1,2/CA3
-0.07755333185195923,GTACTGGAGTTAGACC-1,6/TH
0.0,GTACTTGGGCACTTCT-1,1/MB
-0.07755333185195923,GTAGAAACGGGTGGAG-1,1/MB
-0.07755333185195923,GTAGACACGCCTGACT-1,"7/II,III,IV"
-0.07755333185195923,GTAGACGTCGTTACAT-1,1/MB
-0.07755333185195923,GTAGAGGGAGACAAGT-1,8/PIR
2.2684680024782815,GTAGCCAAACATGGGA-1,3/fxs
-0.07755333185195923,GTAGCGGCTATACACT-1,4/HYL
-0.07755333185195923,GTAGCTTCCTCTTGTT-1,2/CA3
0.17900023857752478,GTAGGTGATCCGTGTA-1,1/MB
1.4924340049425762,GTAGTCGCGGGAATCA-1,3/fxs
-0.07755333185195923,GTAGTCTACGATATTG-1,"7/II,III,IV"
-0.07755333185195923,GTAGTTCGAAGGCGAA-1,9/I
-0.07755333185195923,GTATAATCTCCCGGAT-1,1/MB
-0.07755333185195923,GTATAGGACTCAGTAG-1,11/Parafascicular nucleus
-0.07755333185195923,GTATCAAACGTTAGCT-1,"7/II,III,IV"
-0.07755333185195923,GTATCAGCTTGGGTTC-1,1/MB
-0.07755333185195923,GTATCTCAGTCTTGAC-1,5/CTXsp
-0.07755333185195923,GTATCTTTCATAACCA-1,2/CA3
-0.07755333185195923,GTATGAAATTTCACTC-1,5/CTXsp
-0.07755333185195923,GTATGTGGGTCTAGTT-1,2/CA3
-0.07755333185195923,GTATTAAGGCGTCTAA-1,1/MB
-0.07755333185195923,GTATTCTGAGAAACGA-1,8/PIR
-0.07755333185195923,GTCAAAGAAGTGGTGT-1,5/CTXsp
-0.07755333185195923,GTCAAAGTTTACATAG-1,1/MB
-0.07755333185195923,GTCAAGCGGACTCGGG-1,2/CA3
-0.07755333185195923,GTCAATGCTATAATTT-1,3/fxs
-0.07755333185195923,GTCACTCTCCAAATCT-1,1/MB
-0.07755333185195923,GTCAGAATAGTCTATG-1,4/HYL
-0.07755333185195923,GTCAGTTTGGTAGTCG-1,10/COA
-0.07755333185195923,GTCATGCACCTCCGTT-1,6/TH
-0.07755333185195923,GTCATGGACATGACTA-1,6/TH
-0.07755333185195923,GTCATTAGAGCGAACG-1,6/TH
-0.07755333185195923,GTCATTGCATTGACCC-1,10/COA
-0.07755333185195923,GTCCAATATTTAGCCT-1,9/I
-0.07755333185195923,GTCCATTACTGCTACG-1,3/fxs
-0.07755333185195923,GTCCCAACGTAAAGTA-1,6/TH
-0.07755333185195923,GTCCCAATCATCCCGC-1,10/COA
0.0,GTCCCGCGACGTTATG-1,"0/V,VIa,VIb"
-0.07755333185195923,GTCCGAGAGCAATCAT-1,10/COA
0.0,GTCCGGACCTGAAATT-1,"0/V,VIa,VIb"
-0.07755333185195923,GTCCGGCTGAATTGCG-1,6/TH
-0.07755333185195923,GTCCTACAGGCGGCTC-1,1/MB
0.0,GTCCTACGAATAGTCT-1,"0/V,VIa,VIb"
-0.07755333185195923,GTCCTACTCTACGGGC-1,5/CTXsp
0.23641481498877204,GTCCTTCTACAACCCA-1,1/MB
-0.07755333185195923,GTCGCCGTTGTGTGTT-1,8/PIR
-0.07755333185195923,GTCGCGTAACCCGTTG-1,3/fxs
-0.07755333185195923,GTCGGAAGGATACCAG-1,"0/V,VIa,VIb"
-0.07755333185195923,GTCGGATATCTCAGAC-1,3/fxs
-0.07755333185195923,GTCGGATGTAGCGCGC-1,1/MB
-0.07755333185195923,GTCGGGAACATGGTAG-1,10/COA
-0.07755333185195923,GTCGGGAAGCAGAAAC-1,8/PIR
-0.07755333185195923,GTCGTACCATCTCGGG-1,2/CA3
0.0,GTCGTACCTACGATTG-1,10/COA
-0.07755333185195923,GTCGTATTGGCGTACA-1,2/CA3
-0.07755333185195923,GTCGTCTGGTTGGCTA-1,"0/V,VIa,VIb"
-0.07755333185195923,GTCGTGTCTGGTCATC-1,2/CA3
-0.07755333185195923,GTCGTTATTCGCTTAT-1,2/CA3
-0.07755333185195923,GTCTACTCAATTACAA-1,10/COA
-0.07755333185195923,GTCTATCTGAGTTTCT-1,3/fxs
-0.07755333185195923,GTCTATTGGTTCCGGT-1,"0/V,VIa,VIb"
0.0,GTCTCAAGGCCCGGCT-1,8/PIR
-0.07755333185195923,GTCTCGACTAAGTTTG-1,2/CA3
-0.07755333185195923,GTCTCGATCTGCTTTC-1,4/HYL
-0.07755333185195923,GTCTTAGTACAGCCGG-1,3/fxs
0.0,GTCTTGAGGAGCAGTG-1,"0/V,VIa,VIb"
-0.07755333185195923,GTCTTGTAGCTATTCA-1,"0/V,VIa,VIb"
-0.07755333185195923,GTGAAACGGCGCCACC-1,4/HYL
-0.07755333185195923,GTGAACTCCCATTCGA-1,2/CA3
-0.07755333185195923,GTGAAGATTTCAAGTG-1,2/CA3
-0.07755333185195923,GTGAAGCCGTATAGTC-1,3/fxs
-0.07755333185195923,GTGAAGTCACGACTCG-1,5/CTXsp
-0.07755333185195923,GTGACAGCTTCCCACT-1,"7/II,III,IV"
-0.07755333185195923,GTGACCGCACACTACG-1,2/CA3
-0.07755333185195923,GTGACCTAAAGAATAA-1,"0/V,VIa,VIb"
-0.07755333185195923,GTGACGAGGGTGACCC-1,3/fxs
0.0,GTGACGCAGGTTTCAT-1,"7/II,III,IV"
0.0,GTGACTTCAGTAGTGC-1,12/VL
11.25696595509847,GTGAGCGTGCTGCACT-1,10/COA
-0.07755333185195923,GTGAGGACACTTAAGG-1,2/CA3
-0.07755333185195923,GTGAGTCTAAGACGGA-1,1/MB
-0.07755333185195923,GTGAGTGGTACAACGC-1,8/PIR
-0.07755333185195923,GTGATCACTAACGCCT-1,3/fxs
0.6682886282602946,GTGATCATAGATCTGC-1,3/fxs
-0.07755333185195923,GTGATCCTTGTCATGA-1,"7/II,III,IV"
-0.07755333185195923,GTGATTCGCCGCTCAA-1,3/fxs
-0.07755333185195923,GTGCAACAAATGTGGC-1,1/MB
-0.07755333185195923,GTGCACCAGCTTCAAC-1,9/I
-0.07755333185195923,GTGCACGAAAGTGACT-1,11/Parafascicular nucleus
-0.07755333185195923,GTGCCATCACACGGTG-1,12/VL
-0.07755333185195923,GTGCCCGTTCGGATTC-1,2/CA3
0.0,GTGCCGCTTCAAAGGT-1,12/VL
-0.07755333185195923,GTGCCTAGCTATGCTT-1,1/MB
-0.07755333185195923,GTGCGACAGGGAGTGT-1,2/CA3
-0.07755333185195923,GTGCGGGTCTCCAAAT-1,11/Parafascicular nucleus
-0.07755333185195923,GTGCGTGTATATGAGC-1,2/CA3
-0.07755333185195923,GTGCTCAAGTACTGTC-1,4/HYL
-0.07755333185195923,GTGCTGCAGATAAGGA-1,10/COA
-0.07755333185195923,GTGCTTACATCAGCGC-1,"7/II,III,IV"
0.9238984982172649,GTGGAACCTACATGCG-1,1/MB
-0.07755333185195923,GTGGACCAACCCGATT-1,5/CTXsp
-0.07755333185195923,GTGGACGCATTTGTCC-1,"0/V,VIa,VIb"
0.6822483340899149,GTGGACGTGCTGAGAC-1,1/MB
-0.07755333185195923,GTGGAGCATGTCGGCC-1,"7/II,III,IV"
-0.07755333185195923,GTGGAGCGTTTACCGA-1,9/I
-0.07755333185195923,GTGGAGTCGGCGGTTG-1,8/PIR
-0.07755333185195923,GTGGCAAACAGCGGCA-1,5/CTXsp
-0.07755333185195923,GTGGCGGTCCCAGCGT-1,5/CTXsp
-0.07755333185195923,GTGGGAAGACTGAATC-1,5/CTXsp
-0.07755333185195923,GTGGGCTTAGACACAC-1,4/HYL
-0.07755333185195923,GTGGGTACTGAGCGTA-1,5/CTXsp
-0.07755333185195923,GTGGTATAGTCTGCCG-1,8/PIR
-0.07755333185195923,GTGGTGGCCAAGTGAA-1,2/CA3
-0.07755333185195923,GTGGTTACTTCTTTCG-1,2/CA3
-0.07755333185195923,GTGGTTTCCGCCTTTC-1,8/PIR
-0.07755333185195923,GTGTACCTTGGCTACG-1,6/TH
-0.07755333185195923,GTGTATATCAGCGGGC-1,"0/V,VIa,VIb"
0.0,GTGTCGTATAGCGTTC-1,"0/V,VIa,VIb"
-0.07755333185195923,GTGTGAATAACTTAGG-1,6/TH
-0.07755333185195923,GTGTGTCGACGTCGCT-1,1/MB
0.0,GTGTTACTATGCGTCC-1,2/CA3
1.4689870874087017,GTTAAAGTAGGACTGG-1,3/fxs
0.0,GTTAACATCACTTAAA-1,"0/V,VIa,VIb"
0.0,GTTAACTATGTTGTCA-1,"0/V,VIa,VIb"
0.0,GTTAAGGGTGCGATGT-1,"0/V,VIa,VIb"
0.0,GTTAAGTTAGAGTGGG-1,"0/V,VIa,VIb"
0.0,GTTAATGTCTATCTTA-1,10/COA
-0.07755333185195923,GTTACAATTGGTGACG-1,3/fxs
-0.07755333185195923,GTTACCTACAACTTGC-1,2/CA3
-0.07755333185195923,GTTACTTTGGGCCTAG-1,3/fxs
-0.07755333185195923,GTTAGCCCATGACATC-1,9/I
-0.07755333185195923,GTTAGCCGTAAATCAA-1,13/CA1-pyramidal layer of the hippocampus
-0.07755333185195923,GTTAGGCTACCCGTTT-1,5/CTXsp
-0.07755333185195923,GTTATAATACGGTGAA-1,"7/II,III,IV"
-0.07755333185195923,GTTATATCAGGAGCCA-1,3/fxs
-0.28422778844833374,GTTATATTATCTCCCT-1,12/VL
-0.07755333185195923,GTTATTAACGTGGGAG-1,1/MB
-0.07755333185195923,GTTCACAGGAGTCTAG-1,3/fxs
-0.07755333185195923,GTTCATCGTTTGGCTG-1,2/CA3
0.0,GTTCCAGTCTGACCAT-1,11/Parafascicular nucleus
-0.07755333185195923,GTTCGCCATAAGTGCC-1,4/HYL
-0.07755333185195923,GTTCGCTGAGACGTCT-1,"7/II,III,IV"
-0.07755333185195923,GTTCGGATCGGGAACA-1,"0/V,VIa,VIb"
-0.07755333185195923,GTTCGGGCGTACCATT-1,13/CA1-pyramidal layer of the hippocampus
-0.07755333185195923,GTTCGTCTAAAGAACT-1,"0/V,VIa,VIb"
-0.07755333185195923,GTTCGTCTGGGTCCCT-1,3/fxs
-0.07755333185195923,GTTCTTCCCTCGATGT-1,11/Parafascicular nucleus
-0.07755333185195923,GTTGAACCGGTTCCAT-1,12/VL
-0.07755333185195923,GTTGAGTCCCGCCGGT-1,3/fxs
-0.07755333185195923,GTTGCACGGAGTTTCG-1,6/TH
0.0,GTTGCGCTAACATTAC-1,"7/II,III,IV"
-0.07755333185195923,GTTGGACCGCATCAGG-1,3/fxs
-0.07755333185195923,GTTGGATTCAGTGGCT-1,2/CA3
-0.07755333185195923,GTTGGATTGAGAACAC-1,2/CA3
-0.07755333185195923,GTTGGATTTGCGTTGG-1,4/HYL
-0.07755333185195923,GTTGGTCATGCTATCC-1,3/fxs
-0.07755333185195923,GTTGTCGTGTTAGTTG-1,1/MB
-0.07755333185195923,GTTGTTACATTGCGCT-1,9/I
-0.07755333185195923,GTTTACGTTCCATCTG-1,2/CA3
-0.07755333185195923,GTTTATGGGATTTAGA-1,1/MB
-0.07755333185195923,GTTTCATATCGTCGCT-1,10/COA
-0.07755333185195923,GTTTCCTGGAGGGTGA-1,6/TH
-0.07755333185195923,GTTTCTGCAGTCTCCC-1,2/CA3
-0.07755333185195923,GTTTGACCAAATCCTA-1,6/TH
-0.07755333185195923,GTTTGGCCCAAGTTAT-1,2/CA3
-0.07755333185195923,GTTTGGCCGCTCAGCG-1,1/MB
-0.07755333185195923,GTTTGGGCTTGTGAGC-1,3/fxs
-0.07755333185195923,GTTTGGGTTTCGCCCG-1,"7/II,III,IV"
-0.07755333185195923,GTTTGGTAGGGTCAAC-1,8/PIR
-0.07755333185195923,GTTTGTTAGCCAAGTA-1,5/CTXsp
0.0,TAAACCCAGGAGGGCA-1,8/PIR
-0.07755333185195923,TAAACGTCGTCAATGA-1,1/MB
0.0,TAAAGACAACCCTTTA-1,"0/V,VIa,VIb"
-0.07755333185195923,TAAAGCGGTATTTCCA-1,"7/II,III,IV"
-0.07755333185195923,TAAAGCGTTAGGAGAA-1,9/I
-0.07755333185195923,TAAAGCTGCAATAGGG-1,"0/V,VIa,VIb"
-0.07755333185195923,TAAATCTTTACACCTC-1,3/fxs
-0.14751899242401123,TAAATGAATCCGTTTC-1,1/MB
-0.07755333185195923,TAACAAAGGGAGAAGC-1,4/HYL
-0.07755333185195923,TAACAATATTTGTTGC-1,9/I
-0.07755333185195923,TAACAGCGTTTGTGCT-1,5/CTXsp
-0.07755333185195923,TAACATACAATGTGGG-1,6/TH
-0.07755333185195923,TAACATACACGCGATC-1,5/CTXsp
-0.07755333185195923,TAACCTACCGTCCGAG-1,2/CA3
-0.07755333185195923,TAACGCTTTGAGAGCG-1,4/HYL
-0.07755333185195923,TAACTATCGAAGGTCC-1,4/HYL
-0.07755333185195923,TAACTATTACGCCAAA-1,2/CA3
-0.07755333185195923,TAACTCATCCGCGCGG-1,3/fxs
-0.07755333185195923,TAACTCCATGGAGGCT-1,4/HYL
-0.07755333185195923,TAAGCAGGCGACACGC-1,10/COA
-0.07755333185195923,TAAGCCCTTACGACCA-1,"0/V,VIa,VIb"
-0.07755333185195923,TAAGGAACTTGTGGGA-1,1/MB
-0.07755333185195923,TAAGGCAACATAAGAT-1,6/TH
-0.07755333185195923,TAAGGCATAACATCAA-1,8/PIR
0.0,TAAGGCCCGTCACCCT-1,"7/II,III,IV"
-0.3522011935710907,TAAGGCTGAATCCCTC-1,3/fxs
-0.07755333185195923,TAAGGGCCTGTCCGAT-1,"7/II,III,IV"
-0.07755333185195923,TAAGGGCTGGGAGAGG-1,10/COA
-0.07755333185195923,TAAGTAACATCTTGAC-1,12/VL
-0.07755333185195923,TAAGTCGCCGAGTATC-1,8/PIR
0.0,TAAGTTGCGACGTAGG-1,"0/V,VIa,VIb"
-0.07755333185195923,TAATAAACAAGGAGAT-1,9/I
0.0,TAATACACAGTAGTAT-1,11/Parafascicular nucleus
-0.07755333185195923,TAATAGAACAGAGTTA-1,8/PIR
-0.07755333185195923,TAATAGCTAAATGATG-1,"0/V,VIa,VIb"
-0.07755333185195923,TAATAGTGACGACCAG-1,6/TH
-0.07755333185195923,TAATATTGAAATTCGC-1,1/MB
-2.223088562488556,TAATCGATCCGTACGT-1,2/CA3
-0.07755333185195923,TAATGAAAGACCCTTG-1,1/MB
-0.07755333185195923,TAATTAGGACATCCGT-1,"0/V,VIa,VIb"
-0.07755333185195923,TAATTGGAATCGGGAA-1,4/HYL
-0.07755333185195923,TAATTTCCGTCCAGTA-1,9/I
-0.07755333185195923,TACAACGCACAACTCA-1,3/fxs
-0.07755333185195923,TACAAGTCTCGTGCAT-1,3/fxs
-0.07755333185195923,TACACCGTCGTTAGTC-1,9/I
-0.07755333185195923,TACAGAAACGGTGGGC-1,"0/V,VIa,VIb"
-0.07755333185195923,TACATAGGCATACACC-1,4/HYL
0.0,TACATCCCTATCCCTG-1,5/CTXsp
-0.07755333185195923,TACATCTTGTTTCTTG-1,1/MB
0.637084166208903,TACATGACCTTATCCG-1,9/I
-0.07755333185195923,TACATTTCTAACGTGC-1,4/HYL
0.0,TACCAAATAGCCCAGA-1,8/PIR
0.0,TACCAATAAAGTACCA-1,"0/V,VIa,VIb"
-0.07755333185195923,TACCGCGGACTTGCAG-1,2/CA3
-0.07755333185195923,TACCGGCTCACTGCCC-1,2/CA3
-0.07755333185195923,TACCGGTCGTTTCCAT-1,9/I
0.0,TACCGTAGGTTAACTA-1,8/PIR
1.9752262632052102,TACCGTGCCTCGGACC-1,3/fxs
0.0,TACCTACTCCCAGTAT-1,8/PIR
-0.07755333185195923,TACCTATCCCTAGAGG-1,10/COA
0.0,TACCTCACGCTTGTAC-1,11/Parafascicular nucleus
0.0,TACCTCAGTTGTCTGT-1,8/PIR
-0.07755333185195923,TACCTGCTGCACTGTG-1,3/fxs
-0.07755333185195923,TACCTTAAGATTTCCC-1,5/CTXsp
-0.07755333185195923,TACGAACACGACTTCA-1,4/HYL
-0.5244724154472351,TACGACGCTTGCTGCG-1,12/VL
-0.07755333185195923,TACGACTGCCTCTTAG-1,2/CA3
-0.07755333185195923,TACGAGAACTTCACGT-1,3/fxs
-0.07755333185195923,TACGATGTTGATCATC-1,3/fxs
-0.07755333185195923,TACGCAGTTCTTTCCT-1,3/fxs
-0.07755333185195923,TACGCCATATTCTAAT-1,4/HYL
-0.07755333185195923,TACGCCGAGGGTACCC-1,8/PIR
-0.07755333185195923,TACGCCTCCATTCCGA-1,3/fxs
-0.07755333185195923,TACGCTATAGAAACCT-1,2/CA3
-0.07755333185195923,TACGGGATGCTAGCAG-1,4/HYL
-0.07755333185195923,TACGTACTAGTGCTGA-1,5/CTXsp
0.0,TACGTGCAAGGTTCCT-1,"7/II,III,IV"
-0.07755333185195923,TACGTGCACTATGCTG-1,4/HYL
0.0,TACGTTTACCGGCAAT-1,12/VL
-0.07755333185195923,TACTATGGTTCCTCAG-1,8/PIR
-0.07755333185195923,TACTCCTCTAGTTGAC-1,9/I
-0.07755333185195923,TACTCGGCACGCCGGG-1,10/COA
-0.07755333185195923,TACTCTCCGAACAAAT-1,4/HYL
0.0,TACTCTTTCGTCTTCA-1,8/PIR
-0.07755333185195923,TACTGAACAGATTTAG-1,8/PIR
-0.07755333185195923,TACTGCAATCAATTAC-1,13/CA1-pyramidal layer of the hippocampus
-0.07755333185195923,TACTGGACAGCTCGGC-1,10/COA
-0.07755333185195923,TACTGTTTCTCTGGTA-1,"7/II,III,IV"
-0.07755333185195923,TACTTGTTAGTAGTCC-1,2/CA3
-0.07755333185195923,TACTTTACTGAGCCGG-1,2/CA3
-0.07755333185195923,TACTTTCCGCACGCCA-1,5/CTXsp
4.917715390523274,TAGAAACACAATAGTG-1,1/MB
-0.07755333185195923,TAGAAAGGTGGCGCTA-1,6/TH
-0.07755333185195923,TAGAAATTCACGTATA-1,10/COA
-0.07755333185195923,TAGACGAAACGCCAAT-1,"7/II,III,IV"
-0.07755333185195923,TAGACGCCCGTACCGG-1,2/CA3
-0.07755333185195923,TAGACTACCTAGCGTT-1,13/CA1-pyramidal layer of the hippocampus
-0.07755333185195923,TAGAGATCATGCAACT-1,5/CTXsp
-0.07755333185195923,TAGAGCTACGAAGAAC-1,1/MB
-0.07755333185195923,TAGAGGTTCTACTTGT-1,"0/V,VIa,VIb"
-0.07755333185195923,TAGAGTCTAAGCGAAC-1,6/TH
-0.07755333185195923,TAGATATGGACTGGAA-1,12/VL
-0.07755333185195923,TAGATGGTTCCTTACT-1,"7/II,III,IV"
-0.07755333185195923,TAGATTCCTGGTTATT-1,10/COA
0.20260618875424063,TAGCAACCTGTCACAA-1,1/MB
-0.07755333185195923,TAGCCATTTCAAAGTC-1,2/CA3
-0.07755333185195923,TAGCCGGCGGTCAGCG-1,6/TH
-0.07755333185195923,TAGCGTCCCTCGATTG-1,"0/V,VIa,VIb"
-0.07755333185195923,TAGCGTCCGGTGTGGT-1,3/fxs
-0.07755333185195923,TAGCGTCGAATATTGA-1,9/I
-0.07755333185195923,TAGCGTTGGGTCTTAC-1,4/HYL
-0.07755333185195923,TAGCTAAGTCCGGGAG-1,6/TH
-0.07755333185195923,TAGCTAGAAGGCATGA-1,8/PIR
-0.07755333185195923,TAGCTAGTGATGATGG-1,8/PIR
-0.07755333185195923,TAGCTCGCCTGATAAC-1,8/PIR
-0.07755333185195923,TAGCTGATGTGAAGCG-1,5/CTXsp
-0.07755333185195923,TAGGCATGTTACGCCA-1,4/HYL
-0.07755333185195923,TAGGCGATGAGGTCTC-1,5/CTXsp
-0.07755333185195923,TAGGGAGCTTGGGATG-1,2/CA3
-0.07755333185195923,TAGGGTGTTTCAAGAG-1,11/Parafascicular nucleus
-0.07755333185195923,TAGGTCCAAGTAAGGA-1,3/fxs
-0.07755333185195923,TAGGTCGCCGGAACTG-1,2/CA3
-0.07755333185195923,TAGGTGACGATAACCT-1,"7/II,III,IV"
-0.07755333185195923,TAGGTGAGCCCTACTC-1,4/HYL
-0.07755333185195923,TAGGTGCTCGCCTAGC-1,2/CA3
-0.07755333185195923,TAGGTGTTCCACAGAT-1,8/PIR
-0.07755333185195923,TAGGTTCGAGTTCGTC-1,6/TH
-0.07755333185195923,TAGTACCTTAGTGGTC-1,1/MB
-0.07755333185195923,TAGTAGCTTATACCAG-1,8/PIR
-0.07755333185195923,TAGTCCCGGAGACCAC-1,9/I
-0.07755333185195923,TAGTCCGCAGAGAATG-1,4/HYL
-0.07755333185195923,TAGTCCGTATGCATAA-1,1/MB
0.0,TAGTCGATCACGGGTT-1,3/fxs
0.0,TAGTCTAACAACGAGA-1,12/VL
-0.07755333185195923,TAGTCTGTGACGTTGC-1,13/CA1-pyramidal layer of the hippocampus
-0.07755333185195923,TAGTCTTTCCGAATTG-1,"7/II,III,IV"
-0.07755333185195923,TAGTGCCCTCCAGAGT-1,4/HYL
-0.07755333185195923,TAGTGTCAGAAACGGC-1,1/MB
-0.07755333185195923,TAGTTTATTCTTGCTT-1,1/MB
-0.07755333185195923,TATAAATCCACAAGCT-1,4/HYL
-0.07755333185195923,TATAAGTGAGGATAGC-1,4/HYL
-0.07755333185195923,TATACACAGACGCCTT-1,8/PIR
-0.07755333185195923,TATACACGCAAAGTAT-1,4/HYL
-0.07755333185195923,TATACGCGTCATCACT-1,8/PIR
-0.07755333185195923,TATACTCATGCGGCAA-1,1/MB
-0.07755333185195923,TATAGAGTCGCTTGAA-1,9/I
-0.07755333185195923,TATAGATGGTCGCAGT-1,2/CA3
-0.07755333185195923,TATAGCGCACGTTATC-1,5/CTXsp
-0.07755333185195923,TATAGGGTACTCATGA-1,10/COA
-0.07755333185195923,TATATAGGGCTTTACG-1,9/I
-0.07755333185195923,TATATATCGAGAAATG-1,5/CTXsp
-0.07755333185195923,TATATCATTGATCAGT-1,9/I
-0.07755333185195923,TATATCCCTGGGAGGA-1,2/CA3
-0.07755333185195923,TATATGCTGGGTTGCC-1,1/MB
-0.07755333185195923,TATATTACAAATGTCG-1,3/fxs
-0.07755333185195923,TATCAAAGGTCTGTAA-1,9/I
-0.07755333185195923,TATCACCCAACCGACC-1,2/CA3
-0.07755333185195923,TATCACTTCGAGTAAC-1,"0/V,VIa,VIb"
-0.07755333185195923,TATCAGTGGCGTAGTC-1,5/CTXsp
0.0,TATCCAATTGGTTATC-1,"0/V,VIa,VIb"
-0.07755333185195923,TATCCATATCATGCGA-1,11/Parafascicular nucleus
0.0,TATCCGCACCGTCGGG-1,8/PIR
-0.07755333185195923,TATCCTGCATGGGAAT-1,1/MB
-0.07755333185195923,TATCGATCTATGCATA-1,4/HYL
-0.07755333185195923,TATCGATGATTAAACG-1,6/TH
-0.07755333185195923,TATCTACAGAGGTAAT-1,4/HYL
-0.07755333185195923,TATCTACCACAGCGGG-1,4/HYL
0.0,TATCTAGCCTAAAGGA-1,10/COA
-0.07755333185195923,TATCTTGCAATACAAC-1,5/CTXsp
-0.07755333185195923,TATGAAGACAGGTGCG-1,3/fxs
-0.07755333185195923,TATGACCTTGCGCTGG-1,5/CTXsp
-0.07755333185195923,TATGATCCGGCACGCC-1,2/CA3
-0.07755333185195923,TATGATCTTCTCTTTA-1,"7/II,III,IV"
0.0,TATGCTCCCTACTTAC-1,6/TH
-0.07755333185195923,TATGGATGTGCTACGC-1,6/TH
-0.07755333185195923,TATGGCCCGGCCTCGC-1,4/HYL
0.0,TATGGCTAGGCTAATT-1,"0/V,VIa,VIb"
-0.07755333185195923,TATGGGACCGAGCAGG-1,4/HYL
-0.07755333185195923,TATGGGTACGTATCGT-1,6/TH
-0.07755333185195923,TATGGTCTGAGTAACA-1,4/HYL
-0.07755333185195923,TATGGTTAGTGGGAGA-1,3/fxs
-0.07755333185195923,TATGTAAAGTGCTTAA-1,9/I
-0.07755333185195923,TATGTCAAGACCGACT-1,9/I
-0.07755333185195923,TATGTCTCATTGTGCC-1,6/TH
-0.07755333185195923,TATTAACACCAAAGCA-1,5/CTXsp
0.0,TATTAACCTGACCGCG-1,8/PIR
-0.07755333185195923,TATTACCATCCTGCTT-1,2/CA3
-0.07755333185195923,TATTATGTTTGCCTGC-1,5/CTXsp
-0.07755333185195923,TATTCAATTCTAATCC-1,6/TH
-0.07755333185195923,TATTCCACTCAGCTCG-1,12/VL
-0.07755333185195923,TATTCCGAGCTGTTAT-1,"0/V,VIa,VIb"
-0.07755333185195923,TATTCCTCCGCCCACT-1,8/PIR
-0.07755333185195923,TATTCGTGCCAGAATA-1,6/TH
0.0,TATTGACATTTCTGCC-1,"0/V,VIa,VIb"
-0.07755333185195923,TATTTAGTCTAGATCG-1,11/Parafascicular nucleus
1.6614169875780742,TATTTATACCGAGTAG-1,1/MB
-0.07755333185195923,TATTTGTTACCCTTTA-1,4/HYL
-0.07755333185195923,TCAAACAACCGCGTCG-1,6/TH
-0.07755333185195923,TCAAACTTAGATTGTT-1,6/TH
-0.07755333185195923,TCAAAGAGCTATCTGT-1,5/CTXsp
0.0,TCAAATTTGAGACTCA-1,"0/V,VIa,VIb"
-0.07755333185195923,TCAACAAAGATAATTC-1,8/PIR
-0.07755333185195923,TCAACATAGCGCCCTA-1,8/PIR
-0.07755333185195923,TCAACATCGACCGAGA-1,5/CTXsp
-0.07755333185195923,TCAACCATGTTCGGGC-1,6/TH
-0.07755333185195923,TCAACGAGGAGACAAA-1,3/fxs
-0.07755333185195923,TCAACGCAGGAAATAA-1,5/CTXsp
-0.07755333185195923,TCAACGCGACCGGCAG-1,10/COA
-0.07755333185195923,TCAACTAACGTATAAC-1,10/COA
-0.07755333185195923,TCAACTGCAGAGTCAG-1,9/I
-0.07755333185195923,TCAAGAAATACTAGCT-1,13/CA1-pyramidal layer of the hippocampus
-0.07755333185195923,TCAAGCTGCCTTGAAA-1,"0/V,VIa,VIb"
0.0,TCAAGGTTACTACACC-1,"0/V,VIa,VIb"
-0.07755333185195923,TCAATACGCCGTCATG-1,"7/II,III,IV"
-0.07755333185195923,TCACAAACCGAGGTAC-1,"7/II,III,IV"
-0.07755333185195923,TCACAGCAAACTCGAA-1,8/PIR
-0.07755333185195923,TCACAGGAGAATAAGA-1,8/PIR
-0.07755333185195923,TCACAGGGAATCGCAA-1,2/CA3
-0.07755333185195923,TCACAGGTTATTGGGC-1,4/HYL
-0.07755333185195923,TCACATCTTATCTGAT-1,3/fxs
-0.07755333185195923,TCACCCTCTTAAGATT-1,3/fxs
-0.07755333185195923,TCACCGCTCGGCACTC-1,2/CA3
-0.07755333185195923,TCACGATGTCCGTGGA-1,5/CTXsp
-0.07755333185195923,TCACGCATTGTAGATC-1,4/HYL
-0.07755333185195923,TCACGGTCATCGCACA-1,4/HYL
-0.07755333185195923,TCACGTGCCCGATTCA-1,4/HYL
0.0,TCACTACGACCAATGC-1,12/VL
-0.07755333185195923,TCACTCGTGCAACGGC-1,9/I
-0.07755333185195923,TCACTCTTCGTCTGTC-1,1/MB
-0.07755333185195923,TCAGAACCTCCACAGG-1,2/CA3
-0.07755333185195923,TCAGACGCTATAGAAG-1,2/CA3
-0.07755333185195923,TCAGATGGAGACGTAG-1,"0/V,VIa,VIb"
-0.07755333185195923,TCAGCAAATGCATCTC-1,6/TH
-0.07755333185195923,TCAGCAGTAGGCCCTG-1,5/CTXsp
-0.07755333185195923,TCAGGGCGACTTCCTT-1,9/I
-0.07755333185195923,TCAGGGCGCAAACTCG-1,1/MB
-0.07755333185195923,TCAGGGTGTAACGTAA-1,6/TH
-0.07755333185195923,TCAGGTTCTTTGAGAA-1,4/HYL
-0.07755333185195923,TCAGTACTGACCCGCG-1,4/HYL
-0.07755333185195923,TCAGTAGGGACTATAA-1,12/VL
-0.07755333185195923,TCAGTGTATACGTCAT-1,5/CTXsp
-0.07755333185195923,TCATACTTACAGATCC-1,1/MB
-0.07755333185195923,TCATATGAGCTTTGTT-1,"7/II,III,IV"
-0.07755333185195923,TCATCACTCGAGCTCG-1,1/MB
-0.07755333185195923,TCATCGATGGTCCCAA-1,5/CTXsp
-0.07755333185195923,TCATGCAGGTTCTCAT-1,4/HYL
-0.07755333185195923,TCATTTAAGTCTCCGA-1,2/CA3
-0.07755333185195923,TCATTTAGAAGTGTGA-1,"7/II,III,IV"
-0.07755333185195923,TCCAACTTTAAATTCT-1,12/VL
-0.07755333185195923,TCCAATAAAGGCTACC-1,"7/II,III,IV"
-0.07755333185195923,TCCACAATGGTTTACG-1,4/HYL
-0.07755333185195923,TCCACCTCTAGCCTTT-1,8/PIR
-0.07755333185195923,TCCACTTTATCTAGGT-1,6/TH
-0.07755333185195923,TCCAGAGCACCGGTTC-1,4/HYL
-0.07755333185195923,TCCAGATGTACGCCAA-1,3/fxs
-0.07755333185195923,TCCAGGCGAGTACGGT-1,6/TH
0.0,TCCAGGGTATATACGA-1,8/PIR
-0.07755333185195923,TCCATTCCCACTAGAG-1,"0/V,VIa,VIb"
-0.07755333185195923,TCCCAAACAGACAACG-1,3/fxs
-0.07755333185195923,TCCCAAAGACGAAGGA-1,6/TH
-0.07755333185195923,TCCCAAAGCCCTAAAT-1,"0/V,VIa,VIb"
-0.07755333185195923,TCCCACTCTCTTCCGG-1,2/CA3
-0.07755333185195923,TCCCAGCTTTAGTCTG-1,4/HYL
-0.07755333185195923,TCCCAGGCTTAGCTAA-1,4/HYL
-0.07755333185195923,TCCCGCCTATGTGCGT-1,"0/V,VIa,VIb"
-0.07755333185195923,TCCCGCGTACTCCTGG-1,6/TH
-0.07755333185195923,TCCCGGGTGTGCTGCT-1,3/fxs
-0.07755333185195923,TCCCGTCAGTCCCGCA-1,6/TH
-0.07755333185195923,TCCCGTCGCGTCATAG-1,3/fxs
-0.07755333185195923,TCCCGTGTGCAATTTG-1,2/CA3
-0.07755333185195923,TCCCTAGATCAATAGG-1,3/fxs
-0.07755333185195923,TCCCTGGCGTATTAAC-1,9/I
0.2298349539438883,TCCCTGGCTCGCTGGA-1,3/fxs
-0.07755333185195923,TCCCTTAGATTACTCG-1,4/HYL
-0.07755333185195923,TCCGAACTTGGCTTAC-1,10/COA
-0.07755333185195923,TCCGAAGTAGTCACCA-1,"0/V,VIa,VIb"
-0.07755333185195923,TCCGAATGGTCCTGAG-1,3/fxs
-0.07755333185195923,TCCGATAATTGCCATA-1,11/Parafascicular nucleus
-0.07755333185195923,TCCGATGACTGAGCTC-1,11/Parafascicular nucleus
-0.07755333185195923,TCCGATGGTGCGACAT-1,6/TH
-0.07755333185195923,TCCGATTACATTGCCG-1,4/HYL
-0.07755333185195923,TCCGCAGCCACCTAGC-1,1/MB
0.0,TCCGCCTGTCTACAAG-1,"0/V,VIa,VIb"
-0.07755333185195923,TCCGCGGCAGCATCTG-1,6/TH
-0.07755333185195923,TCCGCGGCCCAATGAA-1,"0/V,VIa,VIb"
-2.524846374988556,TCCGCTGTCATCCCGG-1,2/CA3
-0.07755333185195923,TCCGCTTATCCCATTA-1,3/fxs
-0.07755333185195923,TCCGGAGGAAGGGCTG-1,"0/V,VIa,VIb"
-0.07755333185195923,TCCGGCCTAGCGTACA-1,2/CA3
-0.07755333185195923,TCCGGTTCGTCCGGTC-1,8/PIR
-0.07755333185195923,TCCGTAACCACAATCC-1,1/MB
-0.07755333185195923,TCCGTTAAGCTAATAT-1,"0/V,VIa,VIb"
-0.07755333185195923,TCCGTTTAGCCTTGAA-1,2/CA3
0.0,TCCTAAATTGGGAAGC-1,"0/V,VIa,VIb"
-0.07755333185195923,TCCTAACCGTCGGGCA-1,5/CTXsp
-1.7068089842796326,TCCTACATCCACGGCC-1,2/CA3
-0.07755333185195923,TCCTAGCAAAGAAGCT-1,12/VL
-0.07755333185195923,TCCTATCATAGGTAAC-1,"7/II,III,IV"
-0.07755333185195923,TCCTCCTAAGACATTC-1,5/CTXsp
-0.07755333185195923,TCCTCGGGCTGGGCTT-1,2/CA3
-0.07755333185195923,TCCTCTACGAGATGGC-1,4/HYL
-0.07755333185195923,TCCTCTCCAGTTGTCC-1,10/COA
-0.07755333185195923,TCCTGCGTTGATACTC-1,8/PIR
-0.07755333185195923,TCCTGGCGCTGCCTGG-1,9/I
-0.07755333185195923,TCCTTACGACGGTCCG-1,"0/V,VIa,VIb"
-0.07755333185195923,TCCTTCAATCCCTACG-1,10/COA
-0.07755333185195923,TCCTTCAGTGGTCGAA-1,1/MB
-0.07755333185195923,TCCTTTAAATCCGCTT-1,"0/V,VIa,VIb"
-0.07755333185195923,TCCTTTCTTACGCTTA-1,6/TH
-0.07755333185195923,TCGAAATTTAGGACCA-1,4/HYL
0.8464039365450541,TCGAAGAACCGAGCAC-1,3/fxs
-0.07755333185195923,TCGAATATCCCGCAGG-1,5/CTXsp
-0.07755333185195923,TCGACAACTGAACCCG-1,5/CTXsp
-0.07755333185195923,TCGAGACCAACACCGT-1,4/HYL
-0.07755333185195923,TCGAGCCAGGCAGGCC-1,8/PIR
0.0,TCGCAAAGATGCATTT-1,2/CA3
-0.07755333185195923,TCGCACCAGGAGGCAG-1,3/fxs
-0.07755333185195923,TCGCACTAACGTTTGT-1,1/MB
-0.07755333185195923,TCGCATCCCTAAGTGT-1,1/MB
-0.07755333185195923,TCGCCCACTGCGAGAG-1,9/I
-1.1314364075660706,TCGCCGAAGTTGCGTC-1,12/VL
-0.07755333185195923,TCGCCGCACCGCGTGA-1,5/CTXsp
-0.07755333185195923,TCGCCGGTCGATCCGT-1,11/Parafascicular nucleus
-0.07755333185195923,TCGCGTAGCAGTGTCC-1,9/I
-0.07755333185195923,TCGCGTCCAGAAGGTC-1,4/HYL
-0.07755333185195923,TCGCTAAACCGCTATC-1,4/HYL
0.0,TCGCTACTGGCTTTGA-1,"7/II,III,IV"
-0.07755333185195923,TCGCTCGATATATTCC-1,6/TH
-0.07755333185195923,TCGCTCGGCACCAGCG-1,13/CA1-pyramidal layer of the hippocampus
-0.07755333185195923,TCGCTGGGCGGATTGT-1,6/TH
0.3918649057547251,TCGCTGTGCGTAAATC-1,1/MB
-0.07755333185195923,TCGCTTAATTACGAAG-1,"0/V,VIa,VIb"
-0.07755333185195923,TCGCTTTAAACGTTTG-1,4/HYL
-0.07755333185195923,TCGGAATGCGCTCTGA-1,3/fxs
-0.48719415068626404,TCGGACGCCCAGCCCA-1,6/TH
-0.07755333185195923,TCGGAGAGTATCGGGA-1,5/CTXsp
-0.07755333185195923,TCGGAGTACATGAGTA-1,6/TH
-0.07755333185195923,TCGGCGAACCCAAACC-1,"0/V,VIa,VIb"
-0.07755333185195923,TCGGCGTACTGCACAA-1,5/CTXsp
-0.07755333185195923,TCGGCTTGTATCGACG-1,"7/II,III,IV"
-0.07755333185195923,TCGGGAACGTGCCTAG-1,13/CA1-pyramidal layer of the hippocampus
0.0,TCGGGAGACAGCGTAC-1,"0/V,VIa,VIb"
-0.07755333185195923,TCGGGATTCAAACATA-1,5/CTXsp
-0.07755333185195923,TCGGGCCGTCGTGGTA-1,2/CA3
0.0,TCGGTCCCGACAATAG-1,5/CTXsp
-0.07755333185195923,TCGGTGACCGCTCCGG-1,"0/V,VIa,VIb"
-0.07755333185195923,TCGTAAGACGACATTG-1,6/TH
-0.07755333185195923,TCGTAAGCTCCGAGGA-1,"0/V,VIa,VIb"
-0.07755333185195923,TCGTATAGTGCAATTA-1,1/MB
-0.07755333185195923,TCGTATTACCCATTGC-1,10/COA
-0.07755333185195923,TCGTCAAGTACGCGCA-1,8/PIR
-0.07755333185195923,TCGTCACACTGTTAGC-1,4/HYL
-0.07755333185195923,TCGTCCGCTGGCGTCT-1,4/HYL
-0.07755333185195923,TCGTCTTAGGCGTTAA-1,3/fxs
0.0,TCGTGTACTATGGATG-1,2/CA3
-0.07755333185195923,TCGTGTCACGCTGACA-1,5/CTXsp
-0.07755333185195923,TCGTGTTCGACCACAA-1,9/I
-0.07755333185195923,TCGTTAGGAGTCCCTA-1,8/PIR
-0.07755333185195923,TCGTTGCTATCCGGTC-1,8/PIR
-0.07755333185195923,TCTAAAGAACAGTCTC-1,5/CTXsp
-0.07755333185195923,TCTAACTGTATGTAAA-1,9/I
0.0,TCTAATACTGCCTCAG-1,5/CTXsp
0.0,TCTACCCAATAGAGAG-1,"7/II,III,IV"
-0.07755333185195923,TCTACCGTCCACAAGC-1,6/TH
0.0,TCTACGGGCTCAGTTG-1,"0/V,VIa,VIb"
-0.07755333185195923,TCTAGCAATCTCCGCC-1,5/CTXsp
-0.07755333185195923,TCTAGCATCTTCGATG-1,4/HYL
-0.07755333185195923,TCTAGCATGCCCAGAA-1,2/CA3
-0.07755333185195923,TCTAGGTGGCGACGCT-1,2/CA3
21.013438542683918,TCTAGTGATATCGTGG-1,3/fxs
-0.07755333185195923,TCTAGTTATCAGAAGA-1,4/HYL
14.423330624898275,TCTATCATGCAGTTAC-1,4/HYL
-0.07755333185195923,TCTATCGGTCGCAACA-1,11/Parafascicular nucleus
-0.07755333185195923,TCTATTACGCTGGCGA-1,1/MB
-0.07755333185195923,TCTATTACTAGAGGAT-1,5/CTXsp
-0.07755333185195923,TCTCATGAGATAGGGT-1,3/fxs
-0.07755333185195923,TCTCCAACGTAGGTTA-1,4/HYL
0.0,TCTCCACAAGTTGAAT-1,"7/II,III,IV"
-0.07755333185195923,TCTCCCTGGGCAGCGT-1,"0/V,VIa,VIb"
0.0,TCTCGAACGAGGTCAC-1,12/VL
-0.07755333185195923,TCTCGACGTATCGCCG-1,"0/V,VIa,VIb"
-0.07755333185195923,TCTCGAGGAGGTTCGC-1,"7/II,III,IV"
-0.07755333185195923,TCTCGGCTCCAGGACT-1,1/MB
-0.07755333185195923,TCTCGTGTTACGAGGA-1,5/CTXsp
-0.07755333185195923,TCTCTAATAGCTGGTA-1,6/TH
-0.07755333185195923,TCTCTTACCGCGAACC-1,9/I
-0.07755333185195923,TCTGAACCGGTCGGCT-1,4/HYL
-0.2352548986673355,TCTGAACTCGTACCCG-1,3/fxs
0.0,TCTGAAGCACGTGGTC-1,"0/V,VIa,VIb"
-0.07755333185195923,TCTGAATTCCGTACAA-1,2/CA3
-0.07755333185195923,TCTGACGGGCTAACCC-1,"0/V,VIa,VIb"
-0.07755333185195923,TCTGAGCAATTGACTG-1,9/I
0.0,TCTGATCGGGTGCTAG-1,"0/V,VIa,VIb"
-0.07755333185195923,TCTGATGTATTCTGTC-1,3/fxs
0.0,TCTGATTGGAAATGGA-1,"7/II,III,IV"
0.0,TCTGCACCATTAGTAA-1,"0/V,VIa,VIb"
-0.07755333185195923,TCTGCAGATTCGAGTC-1,9/I
-0.07755333185195923,TCTGCCAGAAACTGCA-1,2/CA3
-0.07755333185195923,TCTGCGAATCGTTCGC-1,"0/V,VIa,VIb"
-0.07755333185195923,TCTGCGTCCGGTTTCT-1,1/MB
-0.07755333185195923,TCTGGAGCGTAAGAGT-1,"7/II,III,IV"
-0.07755333185195923,TCTGGCCGTTCAAGTT-1,"7/II,III,IV"
-0.07755333185195923,TCTGGCGCAAGCCGGG-1,10/COA
-0.07755333185195923,TCTGGGAACCTTTGAA-1,13/CA1-pyramidal layer of the hippocampus
-0.07755333185195923,TCTGGGTAGCGCTCAT-1,12/VL
-0.07755333185195923,TCTGTGCCATCATAGT-1,6/TH
-0.07755333185195923,TCTGTTACCCAGCATA-1,8/PIR
-0.22552421689033508,TCTTAACTCGGATGTA-1,1/MB
-0.07755333185195923,TCTTACAGAGGTACCG-1,1/MB
-0.07755333185195923,TCTTACCGGAACTCGT-1,9/I
-0.07755333185195923,TCTTACGGCATCCGAC-1,1/MB
-0.07755333185195923,TCTTACTTATGCCTCT-1,2/CA3
-0.07755333185195923,TCTTAGAGCTCCAATT-1,3/fxs
1.2864136497179668,TCTTAGAGTGAACTCT-1,3/fxs
-0.07755333185195923,TCTTCCCATGGGCACA-1,2/CA3
-0.07755333185195923,TCTTCGAATAGACGTT-1,4/HYL
-0.07755333185195923,TCTTCGATACCAATAA-1,6/TH
-0.07755333185195923,TCTTCTATAACCCGCC-1,"0/V,VIa,VIb"
-0.07755333185195923,TCTTGATGCGTAGCGA-1,6/TH
-0.07755333185195923,TCTTGCTCCCGATACT-1,"7/II,III,IV"
-0.07755333185195923,TCTTGGTAACACCAAA-1,11/Parafascicular nucleus
-0.07755333185195923,TCTTTAAGACTATGAA-1,2/CA3
0.0,TCTTTAGAGTCTAACA-1,"7/II,III,IV"
0.0,TCTTTAGCAGGCGAAC-1,"0/V,VIa,VIb"
-0.07755333185195923,TGAAAGGACCTGACTC-1,6/TH
-0.07755333185195923,TGAACTGCTATGACTT-1,9/I
-0.07755333185195923,TGAAGAGCGGTCCTAG-1,1/MB
-0.07755333185195923,TGAAGTAGCTTACGGA-1,1/MB
-0.07755333185195923,TGAATACCGACGCGTA-1,"7/II,III,IV"
-0.07755333185195923,TGAATATGCTATAAAC-1,"0/V,VIa,VIb"
-0.07755333185195923,TGAATGAGATACAGCA-1,"0/V,VIa,VIb"
-0.07755333185195923,TGAATGAGTGTTTCCC-1,9/I
-0.07755333185195923,TGAATGTCAGCCGGCC-1,"0/V,VIa,VIb"
0.0,TGAATTTCACTTGCCT-1,5/CTXsp
-0.07755333185195923,TGACAACGCATGTCGC-1,"7/II,III,IV"
-0.07755333185195923,TGACACTTCTCTTTGC-1,"0/V,VIa,VIb"
-0.07755333185195923,TGACAGGACAAGTCCA-1,5/CTXsp
-0.07755333185195923,TGACATATATGACGAT-1,9/I
-0.07755333185195923,TGACATCGAGCGGACC-1,2/CA3
-0.07755333185195923,TGACCAAATCTTAAAC-1,"7/II,III,IV"
-0.07755333185195923,TGACCCACGTTAGACA-1,4/HYL
-0.07755333185195923,TGACGAATATTTCCCT-1,5/CTXsp
-0.07755333185195923,TGACGATGCACTAGAA-1,2/CA3
-0.07755333185195923,TGACTATAATCCTTTC-1,2/CA3
-0.07755333185195923,TGAGAATGCTTTACCG-1,11/Parafascicular nucleus
0.0,TGAGACGTACCTCTCA-1,10/COA
-0.07755333185195923,TGAGAGATTTACCACG-1,2/CA3
-0.07755333185195923,TGAGATTAGGCCCTAA-1,9/I
-0.07755333185195923,TGAGCCATACAGTCTC-1,12/VL
-0.07755333185195923,TGAGCGGAAAGTGTTC-1,3/fxs
-0.07755333185195923,TGAGCTTTAATGACGC-1,4/HYL
0.0,TGAGGAGTGCCAGCTT-1,8/PIR
-0.07755333185195923,TGAGGCATGTACTGTG-1,9/I
1.5033284624417622,TGAGTAAATTAGCGTA-1,3/fxs
-0.07755333185195923,TGAGTGGTCCGTGACG-1,6/TH
-0.07755333185195923,TGAGTTAAAGACATTC-1,"7/II,III,IV"
-0.07755333185195923,TGATACATTTAGCCGT-1,8/PIR
-0.07755333185195923,TGATAGCGGGATTCTA-1,9/I
-0.07755333185195923,TGATCAGGGAACTGCT-1,5/CTXsp
-0.07755333185195923,TGATCCCAGCATTAGT-1,2/CA3
-0.07755333185195923,TGATCGGTTTGACCCT-1,6/TH
-0.07755333185195923,TGATCTACGCTGATCT-1,"0/V,VIa,VIb"
-0.07755333185195923,TGATCTCCGGCGCCAG-1,4/HYL
-0.07755333185195923,TGATGGCTGTTTCTGA-1,3/fxs
-0.07755333185195923,TGATTATGGCACGCAG-1,"0/V,VIa,VIb"
-0.07755333185195923,TGATTCAGGTCCCGCG-1,5/CTXsp
-0.07755333185195923,TGATTCCCGGTTACCT-1,"7/II,III,IV"
-0.07755333185195923,TGATTCGTCTATCACT-1,4/HYL
0.0,TGATTTATTAGCTGTG-1,12/VL
0.0,TGATTTCCTCCTGACG-1,1/MB
-0.07755333185195923,TGCAACCCATCTGCGG-1,"7/II,III,IV"
-0.07755333185195923,TGCAAGAATGACGTAA-1,6/TH
-0.07755333185195923,TGCAATCTAACACGGT-1,"7/II,III,IV"
-0.07755333185195923,TGCAATTTGGGCACGG-1,"0/V,VIa,VIb"
0.0,TGCACAGTGAAGTTAT-1,12/VL
-0.07755333185195923,TGCACTATGTGAGTGC-1,1/MB
-0.07755333185195923,TGCAGAACTATATCGT-1,5/CTXsp
-0.07755333185195923,TGCAGAGTACCGAGCA-1,4/HYL
-0.07755333185195923,TGCAGATCGTCCTAGG-1,5/CTXsp
-0.07755333185195923,TGCAGCTACGTACTTC-1,5/CTXsp
-0.07755333185195923,TGCAGGATCGGCAAAG-1,6/TH
-0.07755333185195923,TGCAGTGAGGCTCGGG-1,"0/V,VIa,VIb"
-0.07755333185195923,TGCAGTTTCCTCCCAT-1,2/CA3
-0.07755333185195923,TGCATATGTCTGTCAC-1,2/CA3
-0.07755333185195923,TGCATGGATCGGATCT-1,11/Parafascicular nucleus
-0.07755333185195923,TGCATGTGGTAATCTA-1,6/TH
-0.07755333185195923,TGCCAAAGTCAGACTT-1,5/CTXsp
-0.07755333185195923,TGCCAATGGGTACTCT-1,8/PIR
0.0,TGCCACACTAGAGGAA-1,5/CTXsp
-0.07755333185195923,TGCCACCTGGCGAAAC-1,4/HYL
14.347805658976236,TGCCAGTACGTGGAGA-1,3/fxs
-0.07755333185195923,TGCCATTACTAAAGAA-1,4/HYL
-0.07755333185195923,TGCCCGTACCGTTAAA-1,2/CA3
-0.07755333185195923,TGCCGAAAGCGTATTC-1,"0/V,VIa,VIb"
-0.07755333185195923,TGCCGGATGTACGAGC-1,5/CTXsp
0.0,TGCCGTGGATCGTCCT-1,8/PIR
0.0,TGCCTAAATTTAATAG-1,"7/II,III,IV"
-0.07755333185195923,TGCCTAATTGAAGATT-1,"7/II,III,IV"
-0.07755333185195923,TGCCTGACATCGGTCA-1,1/MB
-0.07755333185195923,TGCCTGATCAAACGAT-1,11/Parafascicular nucleus
-0.07755333185195923,TGCCTTGGCCAGGCAA-1,3/fxs
-0.07755333185195923,TGCGAATATGGGATTT-1,5/CTXsp
0.0,TGCGACACCCTAGTGC-1,12/VL
-0.07755333185195923,TGCGACGGCCGAACGT-1,5/CTXsp
-0.07755333185195923,TGCGAGAATATTACCC-1,8/PIR
-0.07755333185195923,TGCGAGCCCTTCCGCG-1,12/VL
-0.07755333185195923,TGCGATGCTAATGGCT-1,1/MB
-0.07755333185195923,TGCGCAAAGCATTTGG-1,6/TH
-0.07755333185195923,TGCGCCGTTAATAACG-1,"7/II,III,IV"
-0.07755333185195923,TGCGCGATTAACGGAG-1,4/HYL
-0.07755333185195923,TGCGGAGTAAAGGTGC-1,11/Parafascicular nucleus
-0.07755333185195923,TGCGGCATAGTTCAAC-1,1/MB
-0.07755333185195923,TGCGGTGAAATTTCAT-1,1/MB
0.0,TGCGTAAGAACCTGAT-1,12/VL
-0.07755333185195923,TGCGTCATGACTGAGC-1,5/CTXsp
-0.07755333185195923,TGCGTTTGTTGACACT-1,2/CA3
0.0,TGCTAAGTGTCTATTT-1,"0/V,VIa,VIb"
-0.07755333185195923,TGCTCCACAGTTCTTA-1,3/fxs
0.0,TGCTCGGCGAAACCCA-1,8/PIR
-0.07755333185195923,TGCTCGGTGGGTCACC-1,"7/II,III,IV"
-0.07755333185195923,TGCTCTGCCGGTTCAC-1,"0/V,VIa,VIb"
0.0,TGCTCTTGAGAGTTTG-1,"7/II,III,IV"
-0.07755333185195923,TGCTGGTTGGACAATT-1,4/HYL
-0.07755333185195923,TGCTGTTGAAGAACTC-1,4/HYL
-0.07755333185195923,TGCTTCCCAAGCAGTA-1,8/PIR
-0.07755333185195923,TGGAACCACTGACACA-1,2/CA3
-0.07755333185195923,TGGAAGAAGGGAACGT-1,12/VL
-0.07755333185195923,TGGAAGACGAACACCA-1,1/MB
-0.07755333185195923,TGGAAGGATAAAGATG-1,11/Parafascicular nucleus
-0.07755333185195923,TGGAATATCCTTGACC-1,2/CA3
-0.07755333185195923,TGGAATTAGACGCTTT-1,1/MB
-0.07755333185195923,TGGACACCGTTGCTTG-1,1/MB
-0.07755333185195923,TGGACCAATCTAAGAT-1,"7/II,III,IV"
-0.07755333185195923,TGGACGCAATCCAGCC-1,9/I
-0.07755333185195923,TGGACTGTTCGCTCAA-1,6/TH
-0.07755333185195923,TGGAGGGAAACACCTC-1,"0/V,VIa,VIb"
-0.07755333185195923,TGGAGTGATGCGATGA-1,4/HYL
-0.07755333185195923,TGGCAAACTAAATTAC-1,3/fxs
-0.07755333185195923,TGGCAACTCGCGCGCC-1,4/HYL
-0.07755333185195923,TGGCAAGCACAAGTCG-1,9/I
-0.07755333185195923,TGGCAATGGGACGGCG-1,"7/II,III,IV"
-0.07755333185195923,TGGCAGATTACGATCA-1,3/fxs
-0.07755333185195923,TGGCAGCAGTAATAGT-1,4/HYL
-0.07755333185195923,TGGCATGAAGTTTGGG-1,9/I
-0.07755333185195923,TGGCCAAACTGAAGTA-1,6/TH
-0.07755333185195923,TGGCCAATTTGGTACT-1,5/CTXsp
-0.07755333185195923,TGGCCGTATATTGACC-1,4/HYL
-0.07755333185195923,TGGCGACTGCTCCAAA-1,8/PIR
-0.07755333185195923,TGGCGATCAAGTTATG-1,8/PIR
-0.07755333185195923,TGGCTATGTGACATAC-1,"7/II,III,IV"
-0.07755333185195923,TGGCTCTTGTCGCGTA-1,5/CTXsp
-0.07755333185195923,TGGCTTGTACAAGCTT-1,"0/V,VIa,VIb"
-0.07755333185195923,TGGCTTTGGGTAGACA-1,6/TH
8.189470767974854,TGGGAAATGCCTTTCC-1,1/MB
0.0,TGGGATGCACTCATTC-1,12/VL
0.0,TGGGCAATAGTTGGGT-1,"0/V,VIa,VIb"
2.380487302939097,TGGGCACGTTCTATGG-1,1/MB
-0.07755333185195923,TGGGCCACAAGAGCGC-1,11/Parafascicular nucleus
-0.07755333185195923,TGGGCCCATACTAATT-1,2/CA3
-0.07755333185195923,TGGGTAAGGTTCCCGC-1,3/fxs
-0.07755333185195923,TGGGTTCCCGGACGGA-1,1/MB
-0.07755333185195923,TGGTAAGCAGGATTGA-1,5/CTXsp
-0.07755333185195923,TGGTAGAATATATGGG-1,"0/V,VIa,VIb"
-0.07755333185195923,TGGTCCCACGCTACGG-1,3/fxs
0.0,TGGTCGTGCAAGGCAA-1,10/COA
0.914838174978892,TGGTCTAGCTTACATG-1,1/MB
-0.07755333185195923,TGGTCTGTTGGGCGTA-1,10/COA
-0.07755333185195923,TGGTGATCGTATTTGT-1,4/HYL
-0.07755333185195923,TGGTTAAGGGCGCTGG-1,3/fxs
-0.07755333185195923,TGGTTCAACGGGTAAT-1,3/fxs
-0.07755333185195923,TGGTTCGTAGCAAAGG-1,6/TH
-0.07755333185195923,TGGTTTAAACGTGGGT-1,3/fxs
-0.07755333185195923,TGTAATGACCACAATA-1,10/COA
0.0,TGTACCTACACGAGGG-1,"7/II,III,IV"
-0.07755333185195923,TGTACGAACAAATCCG-1,4/HYL
-0.07755333185195923,TGTACTACTCTCACGG-1,3/fxs
-0.07755333185195923,TGTAGGAGAAATTTCC-1,2/CA3
-0.07755333185195923,TGTAGTGATCTATAAT-1,3/fxs
-0.07755333185195923,TGTATAACAGATCCTG-1,6/TH
0.0,TGTATACGGATGATGA-1,"0/V,VIa,VIb"
-0.07755333185195923,TGTATGGCGCAGACAG-1,13/CA1-pyramidal layer of the hippocampus
-0.07755333185195923,TGTCATTTGTTGGGAA-1,3/fxs
0.0,TGTCCGTGGCGCCTTT-1,10/COA
-0.07755333185195923,TGTCCTAAGTCACCGC-1,3/fxs
-0.07755333185195923,TGTGACTACGCCAGTC-1,11/Parafascicular nucleus
0.0,TGTGAGACTAGCCCAA-1,8/PIR
-0.07755333185195923,TGTGCCAGAGGCAAAG-1,9/I
-0.07755333185195923,TGTGCCGGTGCCGGAA-1,"0/V,VIa,VIb"
-0.07755333185195923,TGTGCTTTACGTAAGA-1,10/COA
-0.07755333185195923,TGTGGCAAAGCGTATG-1,3/fxs
-0.07755333185195923,TGTGGCGGGCTTCTGG-1,"7/II,III,IV"
-0.07755333185195923,TGTGGCTCCCACCAAC-1,"7/II,III,IV"
-0.07755333185195923,TGTGGTTGCTAAAGCT-1,9/I
0.0,TGTGTCGAAGTCGAGG-1,10/COA
-0.07755333185195923,TGTGTCGCGAGTTGCA-1,4/HYL
-0.07755333185195923,TGTGTGACCATGAATC-1,5/CTXsp
-0.07755333185195923,TGTGTTCGTATCCAAG-1,9/I
-0.07755333185195923,TGTTATTGTATGTGGC-1,2/CA3
-0.07755333185195923,TGTTCATAAATGTGCT-1,9/I
-0.07755333185195923,TGTTCCGCTTCCATGA-1,3/fxs
-0.07755333185195923,TGTTCGTATTGCGGTG-1,3/fxs
-0.07755333185195923,TGTTCTCTACTCCCTA-1,"0/V,VIa,VIb"
-0.07755333185195923,TGTTCTTCCATTGACT-1,4/HYL
-0.07755333185195923,TGTTGCCGTCGTCCCA-1,9/I
-0.07755333185195923,TGTTGTCAAGAAGTCT-1,6/TH
-0.07755333185195923,TGTTTCGGTACTTCTC-1,11/Parafascicular nucleus
-0.07755333185195923,TGTTTGAGATCGTCAG-1,"7/II,III,IV"
-0.07755333185195923,TTAAACCTGGTTCCTT-1,1/MB
-0.07755333185195923,TTAAACTCGAATTCAT-1,2/CA3
-0.07755333185195923,TTAACACCTCGAACAT-1,1/MB
-0.07755333185195923,TTAACCAACCCTCCCT-1,11/Parafascicular nucleus
-0.07755333185195923,TTAACGAACAAGCAGT-1,3/fxs
-0.07755333185195923,TTAACGTTAAAGCCTG-1,10/COA
-0.07755333185195923,TTAACTCACGCGTGGA-1,1/MB
-0.07755333185195923,TTAACTTCAGGTAGGA-1,5/CTXsp
-0.07755333185195923,TTAAGATAGGATTGAC-1,3/fxs
-0.07755333185195923,TTAAGCGCCTGACCCA-1,4/HYL
-0.07755333185195923,TTAAGGCCCGTACTTT-1,5/CTXsp
0.0,TTAAGTATTGTTATCC-1,9/I
-0.07755333185195923,TTAATCAGTACGTCAG-1,1/MB
-0.07755333185195923,TTAATGTAGACCAGGT-1,6/TH
-0.07755333185195923,TTAATTGCTTTGGGTG-1,"7/II,III,IV"
-0.07755333185195923,TTAATTTCAGACGCGG-1,11/Parafascicular nucleus
-0.07755333185195923,TTACAACTACGCATCC-1,6/TH
-2.1769855618476868,TTACAGACCTAAATGA-1,2/CA3
-0.07755333185195923,TTACATCGTGGCCTGG-1,4/HYL
-0.07755333185195923,TTACATGCCACAACTA-1,3/fxs
-0.07755333185195923,TTACCATTGATTACCC-1,3/fxs
-0.07755333185195923,TTACCCATTGCCGGGT-1,4/HYL
-0.07755333185195923,TTACCCTAACAGTCCT-1,1/MB
-0.07755333185195923,TTACCCTAGGGATTGG-1,8/PIR
-0.07755333185195923,TTACGGATGGTTCGAG-1,2/CA3
-0.07755333185195923,TTACTAAAGGACTTTA-1,2/CA3
-0.07755333185195923,TTACTATCGGCTTCTC-1,10/COA
0.7329495350519816,TTACTCCGGCCGGGAA-1,6/TH
-0.07755333185195923,TTACTCTGGTACGTAC-1,8/PIR
-0.07755333185195923,TTACTGGGATATTTCA-1,3/fxs
-0.07755333185195923,TTACTGTCTAGAGCTC-1,3/fxs
-0.07755333185195923,TTAGAAGAACATGACT-1,8/PIR
-0.07755333185195923,TTAGAATAAGGGTCGG-1,8/PIR
-0.07755333185195923,TTAGACACGATCGTTG-1,1/MB
1.6607636014620464,TTAGACGAGTCACCTC-1,2/CA3
0.0,TTAGAGGGATATACAG-1,5/CTXsp
-0.07755333185195923,TTAGAGTTTAGAAGGA-1,2/CA3
1.4897054235140483,TTAGATAGGTCGATAC-1,1/MB
-0.07755333185195923,TTAGCAACATGGATGT-1,1/MB
-0.07755333185195923,TTAGCTAATACGATCT-1,2/CA3
-0.07755333185195923,TTAGCTCTGTAATCCG-1,10/COA
-0.07755333185195923,TTAGCTGATTTGCCGT-1,2/CA3
-0.07755333185195923,TTAGGTCATAACCGAC-1,8/PIR
0.0,TTAGTAAACCTGCTCT-1,"7/II,III,IV"
-0.42975011467933655,TTAGTAGGGCGGCGGG-1,10/COA
0.8453473250071207,TTAGTTATTCGTGGCA-1,3/fxs
-0.07755333185195923,TTAGTTCAAGTGTTCG-1,3/fxs
0.0,TTATAGGTAATTGTCT-1,"0/V,VIa,VIb"
-0.07755333185195923,TTATATACGCTGTCAC-1,6/TH
-0.07755333185195923,TTATATTTGGCAATCC-1,6/TH
-0.07755333185195923,TTATCCAATCGAACTC-1,1/MB
-0.07755333185195923,TTATCCGGGATCTATA-1,3/fxs
-0.07755333185195923,TTATCCTCAAGGAATA-1,5/CTXsp
-0.07755333185195923,TTATCGCCTGCGAAGC-1,4/HYL
-0.07755333185195923,TTATCTGACATTAGGA-1,5/CTXsp
0.0,TTATCTGTATCATAAC-1,11/Parafascicular nucleus
-0.07755333185195923,TTATGAATGAAAGGGA-1,4/HYL
-0.07755333185195923,TTATGACAAACTGGAT-1,4/HYL
-0.07755333185195923,TTATGATCTTAACGAA-1,2/CA3
-0.07755333185195923,TTATGTTTGCGATAGA-1,1/MB
-0.07755333185195923,TTATTAGAGCGTGTTC-1,2/CA3
-0.07755333185195923,TTATTAGGGAAGCATC-1,11/Parafascicular nucleus
-0.07755333185195923,TTCAAAGTCTCTAGCC-1,6/TH
-0.07755333185195923,TTCAACGACCCGACCG-1,6/TH
-0.07755333185195923,TTCAATACTCTGAATC-1,2/CA3
-0.07755333185195923,TTCACGAAAGGATCAC-1,4/HYL
-0.07755333185195923,TTCACTCGAGCACCTA-1,3/fxs
-0.07755333185195923,TTCAGCCCTGGTCCAC-1,2/CA3
-0.07755333185195923,TTCAGCTGGCGTGCCC-1,"0/V,VIa,VIb"
-0.07755333185195923,TTCAGGCGTCAAAGCC-1,5/CTXsp
-0.07755333185195923,TTCATAGGGTGTCCAT-1,1/MB
-0.07755333185195923,TTCATGGCGCAACAGG-1,11/Parafascicular nucleus
-0.07755333185195923,TTCCAATCAGAGCTAG-1,2/CA3
1.3398120204607646,TTCCACACAGATTTGA-1,8/PIR
-0.07755333185195923,TTCCAGACGAGATTTA-1,"0/V,VIa,VIb"
-0.07755333185195923,TTCCATCATGCGGTGA-1,12/VL
-0.07755333185195923,TTCCCGGCGCCAATAG-1,5/CTXsp
-0.07755333185195923,TTCCGCAGAGAAATAT-1,13/CA1-pyramidal layer of the hippocampus
-0.07755333185195923,TTCCGCGTGAGGCGAT-1,2/CA3
-0.07755333185195923,TTCCGGCCTTGAGGCT-1,8/PIR
-0.07755333185195923,TTCCGGCTCGACTTCT-1,9/I
0.0,TTCCGGTATCTGTGTC-1,"0/V,VIa,VIb"
-0.07755333185195923,TTCCGGTTACCCACTT-1,13/CA1-pyramidal layer of the hippocampus
-0.07755333185195923,TTCCTCGAGGGTGTCT-1,6/TH
-0.07755333185195923,TTCCTCGGACTAACCA-1,3/fxs
0.0,TTCCTCTGCCCGAATA-1,10/COA
-0.07755333185195923,TTCGACAGAGCCCGTG-1,3/fxs
-0.07755333185195923,TTCGACGGGAAGGGCG-1,4/HYL
-0.07755333185195923,TTCGCACTCGCGTGCT-1,4/HYL
0.0,TTCGCACTGTACGACA-1,8/PIR
-0.07755333185195923,TTCGCATCCGGAAGCA-1,1/MB
-0.07755333185195923,TTCGCCGCTCGCGCTA-1,9/I
-0.07755333185195923,TTCGCGCGCCATACGA-1,8/PIR
0.0,TTCGCTAGGAAGTTGT-1,"0/V,VIa,VIb"
-0.07755333185195923,TTCGCTATCTGACGTG-1,"0/V,VIa,VIb"
-0.07755333185195923,TTCGGCTAGAGATGGT-1,1/MB
-0.07755333185195923,TTCGGGACTAATCGCG-1,6/TH
-0.07755333185195923,TTCGGGCGCTAGTCTT-1,8/PIR
-0.07755333185195923,TTCGGTACTGTAGAGG-1,9/I
-0.07755333185195923,TTCGGTGGAGACGCCC-1,9/I
-0.07755333185195923,TTCGTACTCCAGAACG-1,4/HYL
-0.07755333185195923,TTCGTTCAACGAAGTT-1,13/CA1-pyramidal layer of the hippocampus
-0.07755333185195923,TTCTAACCGAAGCTTA-1,2/CA3
-0.07755333185195923,TTCTACTTGCGAGGGC-1,1/MB
-0.07755333185195923,TTCTAGAAAGTCTTAT-1,8/PIR
-0.07755333185195923,TTCTAGGCCAATTGTG-1,4/HYL
-0.07755333185195923,TTCTATGCCTTTCGCA-1,"0/V,VIa,VIb"
-0.07755333185195923,TTCTATTAAACGCAGC-1,9/I
-0.07755333185195923,TTCTGACCGGGCTCAA-1,3/fxs
-0.07755333185195923,TTCTGCCGCGCCTAGA-1,2/CA3
-0.07755333185195923,TTCTGCGAGCGCCCTT-1,10/COA
-0.07755333185195923,TTCTGCGGGTTAGCGG-1,2/CA3
-0.07755333185195923,TTCTGCTAGACTCCAA-1,2/CA3
-0.07755333185195923,TTCTGTTTCCTGTCGC-1,1/MB
-0.07755333185195923,TTCTTAGTGAACGGTG-1,1/MB
-0.07755333185195923,TTCTTAGTGGCTCAGA-1,11/Parafascicular nucleus
-0.07755333185195923,TTCTTATCCGCTGGGT-1,"0/V,VIa,VIb"
0.0,TTCTTGCTAGCATCTC-1,"0/V,VIa,VIb"
-0.07755333185195923,TTCTTGGACGATCTGC-1,8/PIR
-0.07755333185195923,TTCTTGGAGTAATGAG-1,4/HYL
-0.07755333185195923,TTCTTGTAACCTAATG-1,4/HYL
-0.07755333185195923,TTCTTGTGTCCATCAG-1,10/COA
-0.07755333185195923,TTCTTTGGTCGCGACG-1,2/CA3
-0.07755333185195923,TTGAACGAATCCTTTG-1,1/MB
0.0,TTGAACGACGTGCTGA-1,"7/II,III,IV"
-0.07755333185195923,TTGAAGAATTCCCAGG-1,4/HYL
-0.5884616374969482,TTGAATATGGACTTTC-1,6/TH
-0.07755333185195923,TTGAATCGTTGTATAA-1,5/CTXsp
-0.07755333185195923,TTGAATTCACGTGAGG-1,2/CA3
-0.07755333185195923,TTGACAGGAGCTCCCG-1,"0/V,VIa,VIb"
-0.07755333185195923,TTGACATGAACGTGGA-1,8/PIR
0.0,TTGACCAGGAACAACT-1,"7/II,III,IV"
-0.07755333185195923,TTGACCATGTTCTCCG-1,6/TH
-0.07755333185195923,TTGACCGTGTTAATGA-1,8/PIR
-0.07755333185195923,TTGACGCTCCATGAGC-1,2/CA3
-0.07755333185195923,TTGACTATTGTCCGGC-1,"0/V,VIa,VIb"
-0.07755333185195923,TTGAGAAGTTTAGCAT-1,"0/V,VIa,VIb"
0.0,TTGAGAGTACTGCTAA-1,12/VL
-0.07755333185195923,TTGAGCAGCCCACGGT-1,"7/II,III,IV"
-0.07755333185195923,TTGAGCGCCACGTGAT-1,"0/V,VIa,VIb"
0.0,TTGAGTCCCGCTGCTG-1,"0/V,VIa,VIb"
-0.07755333185195923,TTGATAGTCAATACAT-1,3/fxs
-0.07755333185195923,TTGATCTAACTTTGTC-1,4/HYL
-0.07755333185195923,TTGATGTGTAGTCCCG-1,9/I
-0.07755333185195923,TTGATTAGCTGTTTCT-1,8/PIR
-0.07755333185195923,TTGATTATGCAGATGA-1,4/HYL
-0.07755333185195923,TTGCACAATTCAGAAA-1,3/fxs
-0.07755333185195923,TTGCACGGAGCAGCAC-1,11/Parafascicular nucleus
-0.07755333185195923,TTGCATGCTGATCACG-1,12/VL
0.0,TTGCCAAGCAGAACCC-1,"0/V,VIa,VIb"
-0.07755333185195923,TTGCCATAGCCCGCTC-1,5/CTXsp
-0.07755333185195923,TTGCCCTGATCACGGG-1,3/fxs
0.0,TTGCCGCTTTCTAGTA-1,"7/II,III,IV"
13.613212585449219,TTGCGCTCTCTCGCTT-1,1/MB
-0.07755333185195923,TTGCGGCATCAGAAAG-1,8/PIR
-0.07755333185195923,TTGCGTAGTTTGAGGA-1,1/MB
-0.07755333185195923,TTGCGTCGGCCAACCG-1,8/PIR
-0.07755333185195923,TTGCGTGAACGCTTAG-1,12/VL
-0.07755333185195923,TTGCTCCCATACCGGA-1,6/TH
-0.07755333185195923,TTGCTGAAGGAACCAC-1,11/Parafascicular nucleus
-0.07755333185195923,TTGCTGATCATGTTCG-1,6/TH
-0.07755333185195923,TTGCTGCACCTATCCA-1,1/MB
-0.07755333185195923,TTGGAAGAATACAGTC-1,5/CTXsp
-0.07755333185195923,TTGGACATGTGGCTTA-1,8/PIR
0.0,TTGGACCATCTGGCAA-1,"7/II,III,IV"
0.0,TTGGACCTATAACAGT-1,"0/V,VIa,VIb"
-0.07755333185195923,TTGGATATCGTCTACG-1,12/VL
-0.07755333185195923,TTGGATTGGGTACCAC-1,11/Parafascicular nucleus
-0.07755333185195923,TTGGCCATCTTGCGCT-1,1/MB
0.16714653621117273,TTGGCCTAGAATTTCG-1,1/MB
-0.07755333185195923,TTGGCGATCCGAATAT-1,"0/V,VIa,VIb"
-0.07755333185195923,TTGGCTCGCATGAGAC-1,4/HYL
-0.07755333185195923,TTGGGACACTGCCCGC-1,6/TH
0.0,TTGGGACGTAAGAGTT-1,"7/II,III,IV"
-0.07755333185195923,TTGGGCGGCGGTTGCC-1,6/TH
-0.07755333185195923,TTGGGTTTATTCAGCG-1,"0/V,VIa,VIb"
0.0,TTGGTATGGCTTGTGT-1,"0/V,VIa,VIb"
-0.07755333185195923,TTGGTTCGCTCAAAGG-1,"7/II,III,IV"
-0.07755333185195923,TTGGTTGCGGTGCGCG-1,5/CTXsp
-0.07755333185195923,TTGTAAGGACCTAAGT-1,5/CTXsp
-0.07755333185195923,TTGTAAGGCCAGTTGG-1,6/TH
-0.07755333185195923,TTGTAATCCGTACTCG-1,4/HYL
-0.07755333185195923,TTGTACACCTCGAACA-1,5/CTXsp
-0.07755333185195923,TTGTCACCGCGGTATC-1,5/CTXsp
0.0,TTGTCGTTCAGTTACC-1,11/Parafascicular nucleus
0.0,TTGTGAACCTAATCCG-1,"0/V,VIa,VIb"
-0.07755333185195923,TTGTGAGGCATGACGC-1,5/CTXsp
0.0,TTGTGCAGCCACGTCA-1,"0/V,VIa,VIb"
-0.07755333185195923,TTGTGGCCCTGACAGT-1,11/Parafascicular nucleus
-0.07755333185195923,TTGTGGTAGGAGGGAT-1,5/CTXsp
-0.07755333185195923,TTGTGGTATAGGTATG-1,"0/V,VIa,VIb"
0.0,TTGTGTATGCCACCAA-1,8/PIR
-0.07755333185195923,TTGTGTTTCCCGAAAG-1,8/PIR
-0.07755333185195923,TTGTTAGCAAATTCGA-1,4/HYL
-0.07755333185195923,TTGTTCAGTGTGCTAC-1,6/TH
0.4177680114905039,TTGTTCTAGATACGCT-1,1/MB
-0.07755333185195923,TTGTTGTGTGTCAAGA-1,6/TH
0.0,TTGTTTCACATCCAGG-1,8/PIR
-0.07755333185195923,TTGTTTCATTAGTCTA-1,5/CTXsp
-0.07755333185195923,TTGTTTCCATACAACT-1,5/CTXsp
