CCI,index,Annotation
0.7936844627062479,AAACAAGTATCTCCCA-1,2/HY
0.2196221947669983,AAACACCAATAACTGC-1,12/RSP
1.0405714313189187,AAACAGAGCGACTCCT-1,1/CTXsp
1.9010677337646484,AAACAGCTTTCAGAAG-1,"4/V,VIa,VIb"
-1.1636199057102203,AAACAGGGTCTATATT-1,9/cpd
-0.6711977124214172,AAACATGGTGAGAGGA-1,12/RSP
-0.31906208395957947,AAACATTTCCCGGATT-1,2/HY
-1.5829153060913086,AAACCCGAACGAAATC-1,8/I
-0.5526096224784851,AAACCGGAAATGTTAA-1,2/HY
0.35405476888020826,AAACCGGGTAGGTACC-1,10/CA1
-0.6951174736022949,AAACCGTTCGTCCAGG-1,0/HYL
-0.12985729674498248,AAACCTCATGAAGTTG-1,13/fxs
0.18655441204706824,AAACGAAGATGGAGTA-1,12/RSP
0.0,AAACGAGACGGTTGAT-1,9/cpd
0.3045212229092915,AAACTCGTGATATAAG-1,1/CTXsp
1.5175015131632485,AAACTGCTGGCTCCAA-1,7/TH
-0.6711977124214172,AAACTTAATTGCACGC-1,8/I
1.243819495042165,AAACTTGCAAACGTAT-1,15/CA1-pyramidal layer of the hippocampus
-0.6711977124214172,AAAGAATGACCTTAGA-1,12/RSP
0.6364609996477764,AAAGACCCAAGTCGCG-1,"6/II,III,IV"
-0.6711977124214172,AAAGACTGGGCGCTTT-1,"4/V,VIa,VIb"
3.3184361656506858,AAAGCTTGCCTACATA-1,1/CTXsp
-0.8530219197273254,AAAGGCTACGGACCAT-1,5/MB
-0.7182220816612244,AAAGGCTCTCGCGCCG-1,5/MB
0.8989693522453308,AAAGGGATGTAGCAAG-1,3/CA3
3.9737311999003095,AAAGGGCAGCTTGAAT-1,"4/V,VIa,VIb"
1.7256673326094947,AAAGTAGCATTGCTCA-1,10/CA1
0.8211583892504373,AAAGTCACTGATGTAA-1,"6/II,III,IV"
1.1223876476287842,AAAGTCGACCCTCAGT-1,13/fxs
-0.7674356698989868,AAAGTGCCATCAATTA-1,2/HY
-0.7575350627303123,AAAGTGTGATTTATCT-1,0/HYL
0.0,AAAGTTGACTCCCGTA-1,9/cpd
2.5312902132670088,AAATAACCATACGGGA-1,1/CTXsp
0.8894005417823792,AAATAAGGTAGTGCCC-1,1/CTXsp
1.0518471760054429,AAATACCTATAAGCAT-1,7/TH
0.8173658649126687,AAATAGCTTAGACTTT-1,14/COA
-1.9558104872703552,AAATAGGGTGCTATTG-1,0/HYL
2.1333945989608765,AAATCGCGGAAGGAGT-1,12/RSP
3.102472573518753,AAATCGTGTACCACAA-1,7/TH
-0.3126956522464752,AAATCTAGCCCTGCTA-1,2/HY
0.11180005470911658,AAATGATTCGATCAGC-1,1/CTXsp
3.2180042266845703,AAATGCTCGTTACGTT-1,"6/II,III,IV"
3.5057448148727417,AAATGGCATGTCTTGT-1,11/PIR
0.9140569567680359,AAATGGCCCGTGCCCT-1,12/RSP
3.316370983918508,AAATGGTCAATGTGCC-1,3/CA3
-0.838306188583374,AAATTAACGGGTAGCT-1,0/HYL
0.9377978444099426,AAATTAATAAGCGCGA-1,"6/II,III,IV"
0.1760046283404032,AAATTACACGACTCTG-1,11/PIR
0.9148097634315491,AAATTACCTATCGATG-1,1/CTXsp
2.4542505890130997,AAATTCCAGGTCCAAA-1,14/COA
-0.6711977124214172,AAATTGATAGTCCTTT-1,0/HYL
1.2407484650611877,AAATTTGCGGGTGTGG-1,10/CA1
3.072181892581284,AACAACTGGTAGTTGC-1,3/CA3
-1.3608429431915283,AACAATACATTGTCGA-1,5/MB
3.2227124373118086,AACAATTACTCTACGC-1,13/fxs
-0.2787948250770569,AACACACGCTCGCCGC-1,2/HY
-0.7031799703836441,AACACGACTGTACTGA-1,8/I
1.594543218612671,AACACGAGACGCGGCC-1,10/CA1
-0.3396879732608795,AACAGCTGTGTGGCAA-1,0/HYL
0.5801626046498616,AACAGGAAATCGAATA-1,11/PIR
0.1497299472490946,AACAGGATGGGCCGCG-1,13/fxs
-0.6918902732431889,AACAGGTAGTATGGAT-1,2/HY
2.0592732032140093,AACATATCAACTGGTG-1,1/CTXsp
3.7524069945017495,AACATCGATACGTCTA-1,1/CTXsp
-0.9078069925308228,AACATTGTGACTCGAG-1,5/MB
1.566614031791687,AACCAAGACTTCTCTG-1,15/CA1-pyramidal layer of the hippocampus
3.0042735139528913,AACCATGGGATCGCTA-1,"6/II,III,IV"
0.3030034601688385,AACCCAGAGACGGAGA-1,"4/V,VIa,VIb"
-0.6711977124214172,AACCCATCCCATGATC-1,"4/V,VIa,VIb"
-1.8955571055412292,AACCCGAGCAGAATCG-1,2/HY
0.0,AACCCTACTGTCAATA-1,9/cpd
2.513096859057744,AACCGAGCTTGGTCAT-1,3/CA3
-1.5559577941894531,AACCGCTAAGGGATGC-1,0/HYL
0.8163720170656839,AACCGTTGTGTTTGCT-1,11/PIR
-0.1844288557767868,AACCTCGCTTTAGCCC-1,5/MB
1.0613664189974465,AACCTGTCACGGAATT-1,14/COA
2.215816666682561,AACCTTTAAATACGGT-1,5/MB
2.064789429306984,AACCTTTACGACGTCT-1,1/CTXsp
-0.6711977124214172,AACGAAAGTCGTCCCA-1,12/RSP
1.3373489553729692,AACGATAATGCCGTAG-1,5/MB
2.835492054621379,AACGATAGAAGGGCCG-1,11/PIR
0.0,AACGATATGTCAACTG-1,3/CA3
0.4672776858011882,AACGCATGATCTGGGT-1,1/CTXsp
4.378354767958323,AACGCGGTCTCCAGCC-1,3/CA3
0.2965217332045237,AACGCTGTTGCTGAAA-1,2/HY
-0.6655868887901306,AACGGACGTACGTATA-1,2/HY
2.5659864644209547,AACGGCCATCTCCGGT-1,0/HYL
-1.72741037607193,AACGTACTGTGGGTAC-1,0/HYL
-1.1190840303897858,AACGTCAGACTAGTGG-1,13/fxs
-1.6154081225395203,AACGTGATGAAGGACA-1,8/I
-0.024726083502173424,AACGTGCGAAAGTCTC-1,0/HYL
-1.262775719165802,AACGTTATCAGCACCT-1,8/I
-1.4050261974334717,AACTACCCGTTTGTCA-1,0/HYL
-0.6831948664039373,AACTAGGCTTGGGTGT-1,5/MB
0.9255951046943665,AACTCAAGTTAATTGC-1,0/HYL
-0.872846782207489,AACTCCAGAGCGTGTT-1,2/HY
2.6570179959138236,AACTCCTAATCCCATG-1,1/CTXsp
0.0,AACTCTCAATAGAGCG-1,16/VL
0.0,AACTCTCAGTGTGCTC-1,0/HYL
1.071778953075409,AACTGATATTAGGCCT-1,11/PIR
2.933121899763743,AACTTCTGCGTCTATC-1,"6/II,III,IV"
1.9952476297815642,AACTTGCCCGTATGCA-1,13/fxs
2.6943396727244058,AACTTTACGGGAGCTT-1,"6/II,III,IV"
-0.13560975591341662,AACTTTCTCGATCATG-1,8/I
1.863603115081787,AAGAAATCACCAGATT-1,8/I
-0.07519123951594042,AAGAAGGATCAGTTAG-1,8/I
4.232327103614807,AAGACCAAATAACTCA-1,12/RSP
-0.314069926738739,AAGACCCAACTGAACA-1,5/MB
-0.6711977124214172,AAGACTGCAAGCTACT-1,0/HYL
4.218460450569789,AAGAGATGAATCGGTA-1,13/fxs
-1.628253698348999,AAGAGCTCTTTATCGG-1,0/HYL
-0.8489923179149628,AAGAGGATGTACGCGA-1,10/CA1
0.0,AAGAGGCATGGATCGC-1,0/HYL
-0.9863914251327515,AAGAGGCCCTTTGGAA-1,2/HY
-0.6837007999420166,AAGATGGCACCGGACC-1,5/MB
-1.4460844993591309,AAGATTGGCGGAACGT-1,16/VL
-1.4040045142173767,AAGCACCCTGCGTATC-1,5/MB
0.034838636716206794,AAGCATACTCTCCTGA-1,5/MB
0.25502351919809974,AAGCCGAAGCGGTTTA-1,2/HY
-1.3045085668563843,AAGCCGCTTTACCTTG-1,8/I
-1.6822838187217712,AAGCCGGAGAGCAGGA-1,2/HY
0.0,AAGCGTCCCTCATCGA-1,5/MB
2.5083432594935102,AAGCTAGATCGAGTAA-1,7/TH
-0.7137744426727295,AAGCTCGTGCCAAGTC-1,0/HYL
-2.3914835453033447,AAGCTCTTTCATGGTG-1,0/HYL
4.044821182886759,AAGGAGCGGTTGGTGC-1,3/CA3
3.8523416767517724,AAGGATCGATCGCTTG-1,14/COA
0.0,AAGGATGAGGGACCTC-1,16/VL
-0.30307737489541375,AAGGCGCGTAAAGCTT-1,13/fxs
-0.02362169822057092,AAGGCTGTGCTCATCG-1,3/CA3
0.5215217936784029,AAGGGACAGATTCTGT-1,1/CTXsp
0.0,AAGGGACTATGCATTC-1,8/I
-0.6711977124214172,AAGGGTTTGATTTCAG-1,12/RSP
0.18135780903200308,AAGGTGATAAACCAGC-1,0/HYL
0.19622335831324256,AAGTAGAAGACCGGGT-1,"4/V,VIa,VIb"
0.5337437192598979,AAGTAGTGACGCGAGG-1,3/CA3
0.0,AAGTCAATTGTCGTCA-1,0/HYL
-0.8138000518083572,AAGTCTAGTAGCTGCC-1,8/I
0.6429392894109089,AAGTCTTCTGTGGCCT-1,"6/II,III,IV"
-0.8965688347816467,AAGTGACGACCGAATT-1,10/CA1
-0.7394078373908997,AAGTGAGTCGGGTTTA-1,5/MB
1.0872045358022056,AAGTGCAAAGGTAGAC-1,"6/II,III,IV"
0.0,AAGTGCCTTGACTGTA-1,9/cpd
0.0922786990801493,AAGTGCGTTAGAATCT-1,10/CA1
1.253530244032542,AAGTGTTTGGAGACGG-1,0/HYL
-0.838390052318573,AAGTTCACTCCAAGCT-1,0/HYL
4.302284359931946,AAGTTCAGTCTGCGTA-1,1/CTXsp
2.782419661680857,AAGTTCGGCCAACAGG-1,10/CA1
-0.07981972893079126,AATAACAACGCTCGGC-1,10/CA1
-1.0180065631866455,AATAACACTAGAACAA-1,0/HYL
-1.1104317903518677,AATAATCTTCGTATCG-1,2/HY
3.1310408115386963,AATACAATGTTTCAGG-1,"4/V,VIa,VIb"
-1.272258698940277,AATAGAACAGAGTGGC-1,0/HYL
0.0,AATAGAATCTGTTTCA-1,0/HYL
2.914194007714589,AATAGCTACCGCGTGC-1,1/CTXsp
-1.8807530999183655,AATAGTCCGTCCCGAC-1,0/HYL
0.5147262612978618,AATAGTCGCGAGTCGG-1,8/I
-0.7527829110622406,AATATCAAGGTCGGAT-1,8/I
-0.6711977124214172,AATATCCTAGCAAACT-1,"4/V,VIa,VIb"
-0.9117298722267151,AATATCGAATCAATGC-1,2/HY
0.07144717872142792,AATATCGAGGGTTCTC-1,1/CTXsp
1.3781022826830545,AATATTGGAGTATTGA-1,15/CA1-pyramidal layer of the hippocampus
0.0,AATCATGTAAAGACTC-1,0/HYL
0.35128833850224805,AATCCAAGGGCCTGAG-1,"6/II,III,IV"
-1.4020217657089233,AATCGCCTCAGCGCCA-1,0/HYL
4.423288504282633,AATCGCGCAGAGGACT-1,14/COA
-2.3815600275993347,AATCGGGACACTACGA-1,8/I
-0.26477900644143426,AATCTAGGTTTACTTG-1,9/cpd
2.753451307614644,AATCTATGCCGGAGCC-1,1/CTXsp
0.31670627991358435,AATCTCTACTGTGGTT-1,"4/V,VIa,VIb"
-3.4996405243873596,AATCTGGCTTTCTAGT-1,9/cpd
3.3092457056045532,AATGACAGCAATGTCT-1,10/CA1
-1.0468825896581013,AATGACGTAGGATGTC-1,0/HYL
-0.7697715163230896,AATGACTGTCAGCCGG-1,13/fxs
-1.0702220499515533,AATGAGTTCGCATATG-1,8/I
1.249199410279592,AATGATGATACGCTAT-1,1/CTXsp
-0.11399514228105545,AATGATGCGACTCCTG-1,1/CTXsp
1.4633802771568298,AATGCAACCGGGTACC-1,3/CA3
1.929987221956253,AATGCACCAAGCAATG-1,1/CTXsp
-0.6711977124214172,AATGGTCCACCGTTCA-1,"4/V,VIa,VIb"
3.0679022272427874,AATGGTTCTCACAAGC-1,"4/V,VIa,VIb"
-0.6711977124214172,AATGTGCCCGAGGTGT-1,12/RSP
-0.6711977124214172,AATTAAAGGTCGGCGT-1,7/TH
0.0,AATTAACGGATTTCCA-1,0/HYL
-0.6711977124214172,AATTACGAGACCCATC-1,12/RSP
-0.2820182206730048,AATTAGCGCTGCAGCG-1,7/TH
3.2686613599459333,AATTCATAAGGGATCT-1,1/CTXsp
2.8974689642588296,AATTCATTGTCATGCA-1,8/I
2.0888961255550385,AATTCTAGAGTTAGGC-1,7/TH
-0.9465105533599854,AATTGAACGCTCTGGT-1,0/HYL
0.0,AATTGCAGCAATCGAC-1,2/HY
0.6458084980646768,AATTTGGGACATAGTA-1,1/CTXsp
1.1516929666201272,AATTTGGTTCCAAAGA-1,"6/II,III,IV"
0.0,ACAAACCATGCGTCCT-1,8/I
0.4487427274386089,ACAAAGAAGGTAGGCC-1,"4/V,VIa,VIb"
-0.21764635046323144,ACAAAGCATGACCTAG-1,2/HY
1.534442941347758,ACAAATCGCACCGAAT-1,0/HYL
0.0,ACAAATGGTAGTGTTT-1,0/HYL
-0.6711977124214172,ACAACAGCATGAGCTA-1,9/cpd
2.9055684010187783,ACAACGGTCCCTGCGA-1,"4/V,VIa,VIb"
1.3610119819641113,ACAAGCAGTGCCTAGC-1,13/fxs
3.094444477558136,ACAAGCTATATGGAAG-1,"6/II,III,IV"
-1.3066108226776123,ACAAGGAAATCCGCCC-1,7/TH
2.9674776593844094,ACAAGGACAAGAGGTT-1,3/CA3
0.879504919052124,ACAAGGATGCTTTAGG-1,2/HY
-0.7313387989997864,ACAAGGGCAGGCTCTG-1,0/HYL
3.748041788736979,ACAATAGTCGTACGTT-1,10/CA1
-1.1428304016590118,ACAATCCATTTAAACC-1,10/CA1
-0.6711977124214172,ACAATGAATACGGAGA-1,5/MB
-0.6711977124214172,ACAATTGTGTCTCTTT-1,2/HY
2.7624100744724274,ACAATTTAGGAGGCTC-1,"6/II,III,IV"
0.0,ACAATTTGAGCAGTGG-1,3/CA3
4.307639300823212,ACACAAAGACGGGTGG-1,3/CA3
-1.1300042569637299,ACACACCAGGACCAGT-1,0/HYL
0.7925257881482444,ACACACTTTCTACACG-1,11/PIR
0.514475127061208,ACACATGATCAAATCT-1,12/RSP
4.132800221443176,ACACCACATAATTAGC-1,1/CTXsp
0.8569834629694619,ACACCCAGCATGCAGC-1,3/CA3
2.1657773454984026,ACACCCGAGAAATCCG-1,"4/V,VIa,VIb"
3.235724488894145,ACACCTTAAGTAGGGC-1,15/CA1-pyramidal layer of the hippocampus
0.7101955811182656,ACACCTTACTACTTGC-1,14/COA
-0.6711977124214172,ACACGAGACTCCTTCT-1,3/CA3
1.1077896853288014,ACACGGGAACTTAGGG-1,3/CA3
0.4511375824610393,ACACGTAGGCCACAAG-1,2/HY
0.17201556762059522,ACACTCCAATGTCACT-1,8/I
-2.1236507296562195,ACACTGATCAAGGTGT-1,0/HYL
-1.285020351409912,ACACTGGGACAGTCGT-1,2/HY
0.5620131293932598,ACAGAACTGAGAACAA-1,12/RSP
-1.4946647882461548,ACAGATTAGGTTAGTG-1,8/I
4.072330395380656,ACAGCATAGAGCCAGT-1,"6/II,III,IV"
1.4513041774431865,ACAGCGACATTCTCAT-1,2/HY
0.7297227780024209,ACAGCGCACCCGCAGC-1,8/I
-0.6711977124214172,ACAGGCTTGCCCGACT-1,0/HYL
-0.6599807739257812,ACAGGTGGAGGTGAGG-1,0/HYL
4.768657724062601,ACAGGTGTGTTGTTGC-1,"6/II,III,IV"
-0.3170572432378928,ACAGTAATACAACTTG-1,10/CA1
1.2584664622942605,ACAGTATACCGTGGGA-1,1/CTXsp
-0.6711977124214172,ACATAAGTCGTGGTGA-1,12/RSP
-1.009131520986557,ACATAATAAGGCGGTG-1,3/CA3
0.229718009630839,ACATCAGCTGGGACGC-1,"4/V,VIa,VIb"
-0.7973182946443558,ACATCCCGGCCATACG-1,5/MB
-2.5761680603027344,ACATCCTGGTAACTGT-1,9/cpd
0.572716067234675,ACATCGATCGTTTACC-1,7/TH
2.808029969533284,ACATCGGTCAGCCGCG-1,10/CA1
1.4773235494891803,ACATCGTATGCAATGG-1,0/HYL
-1.8389320969581604,ACATCGTTAACCTAGT-1,8/I
-0.023674607276916504,ACATGGCGCCAAAGTA-1,1/CTXsp
-0.6711977124214172,ACATTAGTTTATATCC-1,7/TH
1.014088968435923,ACCAAACACCCAGCGA-1,1/CTXsp
0.27500506242116285,ACCAACACCACACACT-1,1/CTXsp
-0.708819855004549,ACCAACGCTTATTTAT-1,0/HYL
2.6650675336519876,ACCAAGAACGCGTGTC-1,"4/V,VIa,VIb"
-1.3810006380081177,ACCAATATGCAAGTTA-1,0/HYL
0.7674212257067361,ACCACAAGTTTCTATC-1,3/CA3
4.857806861400604,ACCACCAATGTAACAA-1,14/COA
3.5231368144353232,ACCACCCTCTCTTCTA-1,1/CTXsp
-2.112028181552887,ACCACGTGCAGCTATA-1,0/HYL
0.39922624826431274,ACCAGACCATAACAAC-1,"6/II,III,IV"
-0.2963468134403229,ACCAGTGCGGGAGACG-1,2/HY
1.7275669972101846,ACCATATCCGCAATAA-1,7/TH
-1.0719875991344452,ACCATCCGCCAACTAG-1,9/cpd
0.005542350622514847,ACCATCGTATATGGTA-1,7/TH
-1.0669691562652588,ACCCAACGCCCGTGGC-1,9/cpd
0.18395660320917762,ACCCACCTACATGCTC-1,"4/V,VIa,VIb"
4.843107024828592,ACCCATCTTGAGGGTA-1,10/CA1
-1.0975034832954407,ACCCATTTGTCCCTCT-1,2/HY
0.0,ACCCGAGCGAAATTAC-1,5/MB
-1.0649446845054626,ACCCGGAAACTCCCAG-1,5/MB
0.3030108610788982,ACCCGGAGCACCACAA-1,2/HY
1.67034608622392,ACCCGGATGACGCATC-1,1/CTXsp
1.5946754217147827,ACCCGGTTACACTTCC-1,7/TH
-0.29539361596107483,ACCCGTGTCATCAGTA-1,5/MB
-0.7840572148561478,ACCCTATGCCATATCG-1,0/HYL
-0.9775264859199524,ACCCTCCCTTGCTATT-1,0/HYL
3.313126862049103,ACCCTGGTAACGCCCT-1,1/CTXsp
2.9139717618624372,ACCCTTCATCTGCGAA-1,11/PIR
3.7974456946055097,ACCGAAAGGGCCCTGC-1,"6/II,III,IV"
-0.275819738705953,ACCGAAGAGTCTGGTT-1,12/RSP
0.4138215233882268,ACCGACACATCTCCCA-1,5/MB
2.9767794013023376,ACCGACTGAGTCCCAC-1,3/CA3
-0.6711977124214172,ACCGATAGGCATAACC-1,2/HY
0.5132194062074027,ACCGATATTTAATCAT-1,2/HY
-1.2914488315582275,ACCGATGGTAGCATCG-1,16/VL
-1.430675983428955,ACCGCAATAACTGCCT-1,0/HYL
-0.6711977124214172,ACCGCGGTGGAAGTCG-1,9/cpd
-0.6711977124214172,ACCGGGCCTTTGTTGA-1,0/HYL
0.20275062322616577,ACCGGTCAGGTACACC-1,12/RSP
2.870433708031972,ACCGTCCACTGGGCCC-1,8/I
-0.3421041965484619,ACCGTGACCACGTGGG-1,5/MB
-1.5112427473068237,ACCTAAGTACCTTTCA-1,10/CA1
5.026431719462077,ACCTAATCGACTTCCT-1,15/CA1-pyramidal layer of the hippocampus
3.6457263231277466,ACCTACAGTATGTGGT-1,14/COA
-1.3089194297790527,ACCTCCGCCCTCGCTG-1,2/HY
0.3901539444923401,ACCTCCGTTATTCACC-1,14/COA
4.324759582678476,ACCTGCGTGTCATGTT-1,15/CA1-pyramidal layer of the hippocampus
0.26934232314427686,ACGAAATGGGCGGCAC-1,13/fxs
-1.1111608147621155,ACGACCCATGAGTTGC-1,2/HY
-1.5362553596496582,ACGACTGGTCATACTC-1,5/MB
-1.670738697052002,ACGAGATATTTGCTTA-1,8/I
2.9633529782295227,ACGAGGATACCACTCT-1,10/CA1
-0.16101934512456262,ACGAGGTTTACAACGT-1,12/RSP
3.1096654335657754,ACGAGTACGGATGCCC-1,1/CTXsp
1.2100212931632996,ACGATACCTATCCTGA-1,"6/II,III,IV"
3.3274317483107247,ACGATCATACATAGAG-1,3/CA3
-0.8234104663133621,ACGATCATCTTGTAAA-1,1/CTXsp
3.4920882185300193,ACGATGCATATGTTAT-1,3/CA3
2.7906725009282427,ACGATGGATCCGATGC-1,"6/II,III,IV"
-0.6711977124214172,ACGCAAACTAATAGAT-1,2/HY
3.455213785171509,ACGCAATCACTACAGC-1,1/CTXsp
0.0,ACGCATACGTTTACTA-1,2/HY
-0.7822539582848549,ACGCATTCGTGAGTAC-1,0/HYL
0.1675205032030741,ACGCCAGATGATTTCT-1,11/PIR
-1.5541484355926514,ACGCCGCTAGACGACC-1,0/HYL
2.646072566509247,ACGCGAAGTCAGACGA-1,7/TH
2.5172177155812583,ACGCGCTACACAGGGT-1,10/CA1
-1.0969500243663788,ACGCGGGCCAAGGACA-1,0/HYL
1.0348065892855325,ACGCGTTTCTTAAGAG-1,"6/II,III,IV"
1.8760423113902411,ACGCTAGTGATACACT-1,1/CTXsp
-1.3541719913482666,ACGCTGTGAGGCGTAG-1,13/fxs
0.6239479184150696,ACGGAATTTAGCAAAT-1,"6/II,III,IV"
-0.01850668589274096,ACGGACTCTCAAAGCG-1,5/MB
4.466828028361002,ACGGAGCGCAAATTAC-1,1/CTXsp
-0.6711977124214172,ACGGATGGTGCGGATA-1,5/MB
-0.6711977124214172,ACGGCACTTGCTTGGG-1,5/MB
-1.7905253767967224,ACGGCCAACATGGACT-1,0/HYL
-0.9184568673372269,ACGGCGACGATGGGAA-1,0/HYL
2.4618741174538927,ACGGCTGGATGTAGAA-1,12/RSP
-1.0130603909492493,ACGGGAGTGTCGGCCC-1,10/CA1
3.215471565723419,ACGGGCGTATGCGACA-1,1/CTXsp
0.6399808526039124,ACGTACAGATTTCTCT-1,"6/II,III,IV"
0.29539146522680915,ACGTAGATTGCTGATG-1,0/HYL
0.0,ACGTATTACTCCGATC-1,9/cpd
0.07932607332865393,ACGTCTCGTTCCGGGA-1,"4/V,VIa,VIb"
-0.7844723239541054,ACGTGACAAAGTAAGT-1,"4/V,VIa,VIb"
0.3768288493156433,ACGTGCGCCTCGTGCA-1,11/PIR
-0.8131266236305237,ACGTTAATGTCGAAGA-1,0/HYL
3.8267907301584883,ACGTTAGATTTGCCCG-1,3/CA3
-0.2663154502709707,ACGTTCCGCGCTCCGT-1,8/I
-0.04997723301251733,ACGTTCGCAATCAATT-1,1/CTXsp
-1.3289849162101746,ACGTTCGTTCAGGAAA-1,5/MB
1.032764494419098,ACGTTTAGTTGTGATC-1,11/PIR
0.7364542682965596,ACTACCAGCTCTCTGG-1,3/CA3
-0.6711977124214172,ACTACGCGTTAGAATT-1,5/MB
0.8353586892286936,ACTAGTTGCGATCGTC-1,2/HY
-0.7297765128314495,ACTATATGCTGTGTTC-1,8/I
5.266990979512533,ACTATCCAGGGCATGG-1,14/COA
-1.3147234916687012,ACTATCTGCCCGCGTA-1,2/HY
0.0,ACTATGTCCAGCTGCC-1,8/I
3.1997322738170624,ACTATTCGTCCGTGGT-1,11/PIR
1.5028149286905925,ACTATTTCCGGGCCCA-1,5/MB
-1.7093093991279602,ACTCAAGTGCAAGGCT-1,2/HY
2.3098966280619306,ACTCAATAAAGGCACG-1,3/CA3
4.085508982340495,ACTCAGACCTGCTTCT-1,"6/II,III,IV"
3.1208853125572205,ACTCCCATTCCTAAAG-1,10/CA1
1.4733696579933167,ACTCCCGAATTCGTTT-1,1/CTXsp
3.5923951069513955,ACTCCCGTAGACTAGG-1,1/CTXsp
0.11881999174753832,ACTCCCTAATGCTAAA-1,5/MB
2.1690855820973716,ACTCCCTAGAATAGTA-1,7/TH
-0.6711977124214172,ACTCGTAACCCGTCCT-1,10/CA1
-1.4061336517333984,ACTCGTCAGTAATCCC-1,0/HYL
0.0,ACTCTCTGACTTAGGT-1,0/HYL
-2.087818682193756,ACTCTTGTATAGTAAC-1,0/HYL
-2.1197133660316467,ACTGAAACGCCGTTAG-1,0/HYL
0.0,ACTGAATGGCGAAAGT-1,0/HYL
2.903067906697591,ACTGCCGTCGTAACTC-1,11/PIR
0.13736820220947266,ACTGCGGACACACCGT-1,8/I
-0.6711977124214172,ACTGCTCGGAAGGATG-1,9/cpd
0.0,ACTGTACGATACACAT-1,3/CA3
4.12490701675415,ACTGTAGCACTTTGGA-1,15/CA1-pyramidal layer of the hippocampus
0.4949085474014283,ACTGTATACGCGAGCA-1,"6/II,III,IV"
-0.0701542695363363,ACTGTCCAGGATTATA-1,3/CA3
-0.07365826765696215,ACTGTCTTCTTTAGAA-1,3/CA3
0.9792643189430237,ACTGTGCTAGTAGATC-1,"6/II,III,IV"
-2.0899904370307922,ACTTACCGGGCGCGCA-1,8/I
-0.25115390618642175,ACTTACGCATCCACGC-1,5/MB
2.9338499704996748,ACTTAGTACGACAAGA-1,"6/II,III,IV"
0.0,ACTTATACTTACCCGG-1,9/cpd
0.4149419267972312,ACTTATTAGGATCGGT-1,7/TH
-1.66559636592865,ACTTATTTATGTGCCA-1,0/HYL
-0.02654520981013775,ACTTCAGGCTGATCCC-1,0/HYL
-0.14057218531767535,ACTTCCAGTGGAAGCT-1,12/RSP
0.3010984162489573,ACTTCCATGCGGGACA-1,2/HY
2.067600647608439,ACTTCGCCATACGCAC-1,3/CA3
3.3329476515452066,ACTTCGCTAGCGAGTG-1,8/I
-1.9341918230056763,ACTTGACTCCCTCTTT-1,0/HYL
2.944935162862142,ACTTGGGACCCGGTGG-1,3/CA3
0.4231936136881511,ACTTGTAGTCCCTTCA-1,"4/V,VIa,VIb"
-2.372601807117462,ACTTGTGGATGGAACG-1,2/HY
4.251681486765544,ACTTTACCCTCATGAA-1,1/CTXsp
1.7027007540067038,ACTTTCCTATAGCTTC-1,3/CA3
0.95597638686498,ACTTTGACTGCATCCT-1,"4/V,VIa,VIb"
-2.178166925907135,ACTTTGGTCGTGCTCC-1,12/RSP
-1.235278069972992,ACTTTGTCGACGCACT-1,2/HY
-1.1274655163288116,AGAAATTATGACTCGC-1,2/HY
0.2021736900011698,AGAACCCTCAATTGGG-1,12/RSP
-1.2521268129348755,AGAACGTGGTACATTC-1,3/CA3
0.0,AGAAGAGCGCCGTTCC-1,9/cpd
3.202078560988108,AGAAGGTACACTTCAC-1,9/cpd
2.30503153304259,AGAAGGTTGCCGAATT-1,7/TH
-0.05645962804555893,AGAAGGTTGTAGGTCG-1,5/MB
0.11574003100395203,AGAAGTGATTCGTGAT-1,10/CA1
0.9690466125806172,AGAATAAATCTTCAGG-1,"4/V,VIa,VIb"
-0.7994766533374786,AGAATTATGGATTCGA-1,2/HY
4.205269793669382,AGAATTGTTTGACATA-1,"6/II,III,IV"
3.6485829949378967,AGACAGCTCAGAATCC-1,"6/II,III,IV"
-0.6711977124214172,AGACAGGCATCTCAGC-1,2/HY
-1.0595532655715942,AGACCAAACCACACCT-1,9/cpd
3.3248958786328635,AGACCATGGGATACAA-1,"4/V,VIa,VIb"
2.5071070169409118,AGACCCACCGCTGATC-1,7/TH
3.164405047893524,AGACCCGCCCTCCTCG-1,3/CA3
0.3509750167528788,AGACCGCTCCGCGGTT-1,2/HY
0.8589459458986919,AGACCGGGAAACCCTG-1,15/CA1-pyramidal layer of the hippocampus
0.0,AGACGAAGTGCCGGTC-1,2/HY
-0.16243717074394226,AGACGACGATGCCGCT-1,0/HYL
-1.8036882281303406,AGACGCCCACTTCGCC-1,2/HY
3.4178204139073687,AGACTAGCCTTCCAGA-1,3/CA3
-0.6711977124214172,AGACTGTTACCGGGTC-1,2/HY
-0.37369343638420105,AGAGAAGGAGTACAAT-1,5/MB
1.254744867483775,AGAGATCTCTAAAGCG-1,15/CA1-pyramidal layer of the hippocampus
-0.6711977124214172,AGAGCAGTTATGAGAC-1,"4/V,VIa,VIb"
-0.95613232254982,AGAGCCGCCGAGATTT-1,2/HY
2.5696489214897156,AGAGCGGGCTAATCAT-1,11/PIR
1.928602159023285,AGAGCGTACAAGCTCG-1,"4/V,VIa,VIb"
-1.2982367873191833,AGAGGCTTCGGAAACC-1,2/HY
-1.1474124193191528,AGAGTAAACTTCACTA-1,2/HY
1.288869559764862,AGAGTATAGTGTTACG-1,1/CTXsp
-0.20707298318545025,AGATAACTTCAGGGCC-1,3/CA3
-0.6711977124214172,AGATACCAATAGAACC-1,2/HY
-0.6711977124214172,AGATACCAGCACTTCA-1,8/I
0.6724391182263694,AGATACCGGTGTTCAC-1,10/CA1
0.8966673811276753,AGATACGACTTCATAT-1,"6/II,III,IV"
-1.2757025957107544,AGATACTCAAGATCGA-1,0/HYL
0.0,AGATATAATACGACTA-1,5/MB
-1.9614970088005066,AGATCGTGCATAAGAT-1,1/CTXsp
-0.7605554461479187,AGATCTCAGGTGTGAT-1,3/CA3
-2.218086063861847,AGATGACTCGCCCACG-1,13/fxs
3.303398052851359,AGATGAGGGTTGCGAT-1,1/CTXsp
4.517639199892679,AGATGATGGAGTCTGG-1,14/COA
-0.6711977124214172,AGATGCAAGACGTGCA-1,12/RSP
-0.6711977124214172,AGATGCATCCTGTGTC-1,"4/V,VIa,VIb"
1.3278497904539108,AGATTATAGGACGTTT-1,7/TH
-0.3864808678627014,AGATTCACAACCGATA-1,9/cpd
-0.6711977124214172,AGCAAAGGCCGCTAGT-1,5/MB
0.0,AGCAACATATCTTATT-1,0/HYL
-0.15026758052408695,AGCAACCGAAAGTAAT-1,12/RSP
4.351457993189493,AGCACCAGTACTCACG-1,3/CA3
0.272420863310496,AGCACTACCGGCCTGT-1,13/fxs
0.7514188190301259,AGCACTACCTCACCAG-1,0/HYL
0.9814402063687642,AGCACTTAAGGACGCC-1,3/CA3
-0.3087532967329025,AGCAGAAGGAGAAAGA-1,5/MB
-0.3295624988774459,AGCAGCCAGATGAATA-1,5/MB
-1.1535042524337769,AGCATATCAATATGCT-1,2/HY
-1.9065690636634827,AGCATCATTTCGAAAG-1,9/cpd
0.06736718614896131,AGCATCGTCGATAATT-1,3/CA3
-1.8215774893760681,AGCCAAGCTTTGTGTC-1,5/MB
1.2925089995066326,AGCCACAGGTTACCCG-1,2/HY
0.00859932104746497,AGCCCATACATGTAAG-1,10/CA1
-0.44853898882865906,AGCCCGGTAGCCTGTA-1,5/MB
5.485028584798177,AGCCCTAAGCGAAGTT-1,11/PIR
3.4167751471201577,AGCCCTTCTAATCCGA-1,1/CTXsp
1.3555643161137898,AGCCCTTGGACATCCC-1,2/HY
0.05381880700588226,AGCCGCAAATTCAAAT-1,"6/II,III,IV"
-0.6711977124214172,AGCCGTGGCTAAATGT-1,12/RSP
-0.5936867594718933,AGCCTAATACCCACGT-1,9/cpd
3.480580449104309,AGCCTTAAAGCGGAAG-1,"6/II,III,IV"
-0.7784779071807861,AGCGACAGGAACGGTC-1,0/HYL
1.3431761463483176,AGCGACATCCCATTCA-1,11/PIR
4.257166286309561,AGCGACCAACGATATT-1,3/CA3
-0.6711977124214172,AGCGATGCGCCTAATA-1,2/HY
-0.23027056455612183,AGCGCATAATGAATCG-1,5/MB
0.16796025571723783,AGCGCGGGTGCCAATG-1,1/CTXsp
-0.6316647529602051,AGCGGACACTTCGTAG-1,5/MB
2.0707421402136483,AGCGGCGGTTAGCGGT-1,9/cpd
2.3887936373551684,AGCGGGAAGGGTCCAT-1,"6/II,III,IV"
4.674969891707102,AGCGGTTGCCGCTCTG-1,1/CTXsp
0.4271157383918762,AGCGTGGTATTCTACT-1,7/TH
0.0,AGCTAACAAGCAATGT-1,5/MB
-1.1291869282722473,AGCTAAGTACGCAGGC-1,2/HY
0.3648587465286255,AGCTAGAAGCAGAAGT-1,1/CTXsp
0.6088176369667053,AGCTATTTAATCCAAC-1,11/PIR
-2.377888023853302,AGCTCCATATATGTTC-1,2/HY
0.0,AGCTCCTTCGCACATC-1,0/HYL
-1.2812749743461609,AGCTCTAGACGTTCCA-1,0/HYL
3.043123960494995,AGCTCTTCCCAGTGCA-1,11/PIR
3.452891935904821,AGCTCTTCGTAACCTT-1,14/COA
-1.2029756307601929,AGCTCTTTACTCAGTT-1,7/TH
0.8629845976829529,AGCTGAAGTAAACCAA-1,11/PIR
0.10614434878031409,AGCTGTAACCTCAATC-1,12/RSP
-0.008709629376729366,AGCTTGATCTTAACTT-1,10/CA1
-0.6950083374977112,AGGAACGAACGACTTC-1,2/HY
-1.3173227310180664,AGGAAGCTGTCCGCCG-1,5/MB
0.0,AGGACAGTCGAATCCC-1,0/HYL
1.8092094659805298,AGGACATCGCACGTCG-1,"4/V,VIa,VIb"
3.1265417436758676,AGGACGACCCATTAGA-1,7/TH
0.45127306381861354,AGGACGCTCGATGTTG-1,1/CTXsp
3.0734144250551862,AGGAGACATCCACAGT-1,1/CTXsp
0.9735781431198121,AGGAGAGTCTGGCTAC-1,1/CTXsp
-0.6711977124214172,AGGAGGCCTTCGCGCG-1,2/HY
-0.7076697573065758,AGGATAAAGTCGGGAT-1,5/MB
-2.2703259587287903,AGGATATAGGGATTTA-1,0/HYL
0.05811120569705963,AGGATCACGCGATCTG-1,10/CA1
0.024048378070195442,AGGATTGCTTACGACA-1,1/CTXsp
-1.2566582560539246,AGGCACGTGACTGTCC-1,2/HY
0.0,AGGCAGATGCGTAAAC-1,16/VL
-0.9983492493629456,AGGCAGGGAGCGTACT-1,5/MB
-0.23465918004512787,AGGCATTGTCGTAGGG-1,2/HY
1.3230698704719543,AGGCCACCCGTTATGA-1,15/CA1-pyramidal layer of the hippocampus
0.5548305511474609,AGGCCCATTGTACAGG-1,11/PIR
1.451811964313189,AGGCCCTAGAACGCCA-1,10/CA1
-1.4033315181732178,AGGCCTGAGAATCTCG-1,2/HY
-1.2605658173561096,AGGCGATAACTGGCGT-1,2/HY
3.2251322269439697,AGGCGGTTTGTCCCGC-1,12/RSP
3.4679706494013467,AGGCGTCTATGGACGG-1,1/CTXsp
1.1167335708936055,AGGCTATGGTTAGCTT-1,"4/V,VIa,VIb"
-0.5886762142181396,AGGCTTCCCGAAGAAG-1,0/HYL
3.918377935886383,AGGCTTGCTAGACACC-1,"6/II,III,IV"
3.665393630663554,AGGGAAACGAGGTACT-1,1/CTXsp
0.8275972406069436,AGGGACCGGCTGCGTT-1,14/COA
-1.2195218801498413,AGGGACTCTACGCGAC-1,0/HYL
0.5044522086779277,AGGGAGACATACTTCG-1,1/CTXsp
-0.7807840704917908,AGGGCAGCGGCGTGGT-1,8/I
-0.23413842916488647,AGGGCCCTAATGTTCT-1,2/HY
0.2988514304161072,AGGGCGAGCAGCTGAT-1,10/CA1
1.9654252032438915,AGGGCGTGATCGGCTA-1,"4/V,VIa,VIb"
-0.8590391725301743,AGGGCTGCAGTTACAG-1,0/HYL
-1.6623601913452148,AGGGTCAGTAACCCTA-1,8/I
0.9506175915400187,AGGGTCGATGCGAACT-1,1/CTXsp
2.64136861761411,AGGGTGGATAGTGCAT-1,"6/II,III,IV"
-2.0960047245025635,AGGGTTCCCTTTGGTT-1,16/VL
-0.2188308412830035,AGGGTTTAGTTCGGGA-1,0/HYL
0.4845246771971383,AGGTAACCTCCTATTC-1,"6/II,III,IV"
3.779767731825511,AGGTACGATATTGCCA-1,1/CTXsp
1.4666049728790918,AGGTAGGTACAAAGCT-1,3/CA3
3.1857234239578247,AGGTATAATTGATAGT-1,14/COA
0.4095237453778584,AGGTCAGGTGAGAGTG-1,10/CA1
-0.2101914683977763,AGGTCGCCTCCCAACA-1,2/HY
3.910974661509196,AGGTCGCGGAGTTACT-1,1/CTXsp
-0.3356745265579472,AGGTGGTGACCTTCGC-1,5/MB
-0.8172686845064163,AGGTGTATCGCCATGA-1,13/fxs
0.6581616997718811,AGGTTACACCATGCCG-1,8/I
-1.9464985728263855,AGGTTGAGGCACGCTT-1,9/cpd
-1.041660189628601,AGGTTTCACACACCTT-1,7/TH
3.270193735758464,AGTAATGTCTTGCCGC-1,11/PIR
0.2385355532169342,AGTACATCATTTATCA-1,1/CTXsp
0.6770886381467183,AGTACGGCCCGTATCG-1,"4/V,VIa,VIb"
0.0,AGTACGGGCACCTGGC-1,3/CA3
-2.089848577976227,AGTACTCTTATGCCCA-1,0/HYL
2.793110271294912,AGTAGGAAGGAAGTTG-1,1/CTXsp
1.1039063334465027,AGTAGGTAACATACAT-1,11/PIR
0.36961104472478223,AGTATAATACTAGGCA-1,"4/V,VIa,VIb"
-1.7062602639198303,AGTATACACAGCGACA-1,5/MB
-0.6711977124214172,AGTATGCTGGAGACCA-1,12/RSP
-1.1099135875701904,AGTATTTGGCACGACC-1,5/MB
2.8337782360613346,AGTCAACACCACCATC-1,7/TH
-1.7462696433067322,AGTCAAGATGACACTT-1,0/HYL
-0.7732219099998474,AGTCACTAGCTCTCGA-1,0/HYL
0.20663752158482862,AGTCAGCCACCGCCTG-1,"6/II,III,IV"
-1.5922504663467407,AGTCCATTGGCTGATG-1,9/cpd
2.4083083868026733,AGTCCCGCCTTTAATT-1,1/CTXsp
2.865703920523326,AGTCCCTCGCAGAAAG-1,1/CTXsp
0.0,AGTCGACGGTCTCAAG-1,9/cpd
0.39042073488235474,AGTCGGCCCAAACGAC-1,13/fxs
1.6043474475542703,AGTCGGCTCAACTTTA-1,10/CA1
0.7166351079940796,AGTCGGTTGCGTGAGA-1,14/COA
-0.33594605326652527,AGTCGTCGACCACCAA-1,2/HY
3.2921473861012296,AGTCGTGGGCATTACG-1,9/cpd
1.9513224363327026,AGTCTAAAGTATACTC-1,1/CTXsp
-0.4509300303955873,AGTCTCACAAGACTAC-1,0/HYL
3.4477662444114685,AGTCTGGACATCCTTG-1,"6/II,III,IV"
1.0509538849194846,AGTCTTCTCCTCAAAT-1,3/CA3
0.0,AGTGAACAAACTTCTC-1,9/cpd
5.050908287366232,AGTGAAGATGGTGTCC-1,1/CTXsp
-0.8016657531261444,AGTGACCTACTTTACG-1,7/TH
-2.067718982696533,AGTGAGACTTCCAGTA-1,9/cpd
2.469041556119919,AGTGAGCCTCGCCGCC-1,1/CTXsp
1.029152790705363,AGTGATAACCTGCGCG-1,2/HY
-0.8039153665304184,AGTGATATGAGTAGTT-1,7/TH
-1.715293526649475,AGTGATTCAAGCAGGA-1,9/cpd
-0.7991900444030762,AGTGCACGCTTAAGAA-1,2/HY
0.31661269068717957,AGTGCGTAGCTCGTAA-1,7/TH
-1.1578218340873718,AGTGCTAAACACAGCA-1,2/HY
0.0,AGTGCTTGCACGAATA-1,9/cpd
0.11067677537600196,AGTGGCGGCAATTTGA-1,1/CTXsp
-1.0014225542545319,AGTGGCGTCTGAAGGT-1,2/HY
0.08128652969996131,AGTGGCTCCGTCGGCC-1,"4/V,VIa,VIb"
-0.6711977124214172,AGTGGTGTTACCCGTG-1,"4/V,VIa,VIb"
3.7515299518903094,AGTGGTTGCGTATAGG-1,"4/V,VIa,VIb"
-0.28633393595616025,AGTGTATTGCGCATTG-1,1/CTXsp
2.811637868483861,AGTGTGGTCTATTGTG-1,"4/V,VIa,VIb"
1.9461442877848945,AGTTAAACACTTGCGA-1,7/TH
0.7588833769162495,AGTTAAGCGGTCCCGG-1,11/PIR
0.6493823329607646,AGTTAAGTCAACCGCT-1,12/RSP
0.3044896960258484,AGTTACCCTTAAGACT-1,8/I
3.360383450984955,AGTTACCGCACATGGT-1,"6/II,III,IV"
2.5356247822443647,AGTTACTCTATCGTGG-1,1/CTXsp
-1.3939383625984192,AGTTCCTACAGAATTA-1,3/CA3
-0.0627288743853569,AGTTCCTATTTATGTT-1,7/TH
0.0283634215593338,AGTTTATGTAAAGACA-1,1/CTXsp
1.1122399369875589,AGTTTCGCAGGTCGGA-1,11/PIR
1.319045014679432,AGTTTGCACCTGCCTC-1,5/MB
0.492392619450887,AGTTTGGCACGGGTTG-1,0/HYL
4.575726012388865,AGTTTGGCCAGACCTA-1,10/CA1
3.3318810084213815,ATAAACGGACCCGTAA-1,7/TH
1.068526988228162,ATAAACGTTGCACCAC-1,2/HY
3.0900478462378187,ATAAAGGCTCGGTCGT-1,3/CA3
2.4882271190484366,ATAAATATTAGCAGCT-1,10/CA1
0.0,ATAACGCCGGAGGGTC-1,9/cpd
0.0,ATAACGGAGTCCAACG-1,3/CA3
0.9337942202885945,ATAAGGTGGAGAACAT-1,7/TH
1.225451330343882,ATAAGTAGGATTCAGA-1,1/CTXsp
5.038479328155518,ATAAGTAGGGCGACTC-1,14/COA
1.4420178731282554,ATAAGTTACCGCGACG-1,7/TH
2.438653906186422,ATAATAGCTGTTGAAT-1,7/TH
2.737362166245778,ATAATAGTGTAGGGAC-1,"4/V,VIa,VIb"
0.7210072576999664,ATAATCTTGGAGAACC-1,5/MB
-0.7128022946417332,ATAATTAGCTAAGTAG-1,5/MB
0.31710531314214063,ATACAGGCCCTCCAAT-1,5/MB
-0.1068065961201986,ATACCACGGGCAACTT-1,10/CA1
0.42442721128463745,ATACCAGGCTAATAGA-1,"6/II,III,IV"
2.8059282302856445,ATACCGTCATCCATAA-1,8/I
-1.2455034255981445,ATACCTAACCAAGAAA-1,5/MB
-1.001876950263977,ATACGCCGGCGAAACC-1,0/HYL
2.599764049053192,ATACGGAACGTCGTTT-1,12/RSP
-3.3551161885261536,ATACGGGTTTCGATTG-1,16/VL
0.20364467302958167,ATACGGTGAAGATGCA-1,"4/V,VIa,VIb"
-1.1485461592674255,ATACGTACTTAGCCAC-1,0/HYL
-0.41327333450317383,ATACGTCCACTCCTGT-1,0/HYL
-0.7157021760940552,ATACGTTATGCACGGA-1,5/MB
0.18580237713952863,ATACTACCCGTACCAC-1,2/HY
2.776546549797058,ATACTAGCATGACCCT-1,3/CA3
-0.5500887036323547,ATACTGCCTTACACCG-1,2/HY
3.0340994596481323,ATACTTGTTCTCGAGC-1,"6/II,III,IV"
0.0,ATAGACAACGGGACCT-1,1/CTXsp
1.4214081366856894,ATAGACGAAGAGAAAG-1,3/CA3
3.047035902738571,ATAGAGTACTGGGACA-1,3/CA3
-0.7292711474001408,ATAGAGTTATCAACTT-1,1/CTXsp
-1.0555132925510406,ATAGCAACTAGGGAAG-1,2/HY
0.589951197306315,ATAGGCGGCTATAGAA-1,10/CA1
2.476635674635569,ATAGGCTAGCTTCGCA-1,1/CTXsp
-1.0524840652942657,ATAGGGATATCCTTGA-1,13/fxs
4.214481314023336,ATAGGTTGGGCAGATG-1,3/CA3
-2.823798716068268,ATAGTGAAGCGTTCTC-1,0/HYL
0.19768125688036287,ATAGTTCCACCCACTC-1,1/CTXsp
-2.4377894401550293,ATATAAAGCGCTCGTG-1,0/HYL
1.6855102181434631,ATATAAATGTAGCTGC-1,5/MB
3.34768625497818,ATATACATGTATGGTA-1,"4/V,VIa,VIb"
-1.1381665170192719,ATATACGCTCGTGACG-1,2/HY
-1.9617672562599182,ATATAGAGTATTGGTC-1,8/I
2.0844779908657074,ATATCAACCTACAGAG-1,1/CTXsp
0.2751672466595967,ATATCAATTCCAGCCT-1,12/RSP
0.8379578193028769,ATATCGGTAGGGAGAT-1,14/COA
1.600367913643519,ATATCGTTCCTCGAAC-1,2/HY
0.7342661221822104,ATATCTCCCTCGTTAA-1,11/PIR
-1.5266616940498352,ATATCTTAGGGCCTTC-1,0/HYL
-1.6857852935791016,ATATGTCTCCCTAGCC-1,16/VL
0.43190241853396083,ATATTCAGTTAAACCT-1,7/TH
-1.0169634819030762,ATATTCCACATAGTGA-1,7/TH
3.3728136122226715,ATATTCCCACAGGTCA-1,"6/II,III,IV"
0.1425667107105255,ATATTGCTGTCAAAGT-1,"4/V,VIa,VIb"
-0.29411306977272034,ATATTGGAGAGGCCTT-1,2/HY
5.235707640647888,ATATTTAACCCTCAAG-1,3/CA3
-0.9147214889526367,ATCAAACACTGTTCCA-1,2/HY
2.501657009124756,ATCAAACGAAGGTTTG-1,10/CA1
1.8299894332885742,ATCAATCTGGGCTGCA-1,0/HYL
0.4139911731084187,ATCAATGCCGTGGCTG-1,12/RSP
0.4549453457196553,ATCACATTAGAATATC-1,1/CTXsp
0.8754883209864299,ATCACGTGCTAATTAA-1,10/CA1
-0.8656322658061981,ATCACTTCATCCTCGC-1,13/fxs
2.8171622951825457,ATCAGACGGCACGCCG-1,7/TH
-0.21485161781311035,ATCAGCCTCATGCTGC-1,2/HY
-0.6711977124214172,ATCAGCTCGTCCACTA-1,9/cpd
3.2685022552808123,ATCAGTAGGCAGGGAT-1,1/CTXsp
1.497495174407959,ATCATAGCCCTATGTA-1,2/HY
1.5311394035816193,ATCATCCAATATTTGT-1,7/TH
-0.6711977124214172,ATCATTGTACCGCATT-1,12/RSP
2.0511424615979195,ATCCAACGCAGTCATA-1,13/fxs
-0.7144830524921417,ATCCAATGGAGGGTCC-1,10/CA1
2.737031638622284,ATCCAATGGTACCGAA-1,"4/V,VIa,VIb"
-0.6711977124214172,ATCCACATCGACAGAA-1,5/MB
-1.8692932724952698,ATCCAGAGCAACAACC-1,0/HYL
2.3572800680994987,ATCCAGGATTCGTGAA-1,7/TH
0.3459352652231853,ATCCCATCCACAGCGC-1,12/RSP
4.380201359589895,ATCCTACCTAAGCTCT-1,7/TH
2.825222929318746,ATCCTGAATCGCTGCG-1,10/CA1
2.1662560304005942,ATCCTGCGTGGAATGG-1,7/TH
-1.716494619846344,ATCGACCCAATACAGA-1,7/TH
3.0460946957270303,ATCGACTCTTTCCGTT-1,3/CA3
4.673822005589804,ATCGCACGCCGGGAGA-1,3/CA3
-1.9377378225326538,ATCGCCAGTCAACATT-1,9/cpd
1.669905662536621,ATCGCTGCGTGCAGCA-1,1/CTXsp
-0.846160963177681,ATCGGAGACAGACGGC-1,7/TH
0.05249380071957899,ATCGGCAAGCAGTCCA-1,1/CTXsp
3.098325212796529,ATCGGTTACCTAGTAA-1,"6/II,III,IV"
3.233323335647583,ATCGTATTCCGAGAAC-1,"6/II,III,IV"
-1.3645183444023132,ATCGTTAGCTAGCGGA-1,2/HY
-1.920497715473175,ATCGTTCACTTTCGCC-1,8/I
2.652436077594757,ATCTAATATCCTACGG-1,5/MB
-0.8988933265209198,ATCTCCCACGGAATAT-1,2/HY
0.46341063578923536,ATCTCCCTGCAATCTA-1,11/PIR
-0.7306212186813354,ATCTCGTGAGCGAAAC-1,2/HY
-1.2520445585250854,ATCTGACATGGAAGGA-1,5/MB
-0.14508247561752796,ATCTGCACCTCTGCGA-1,1/CTXsp
-0.6997296791523695,ATCTGGGCTGTTCTTG-1,5/MB
-1.985470473766327,ATCTGGTTAAGACTGT-1,3/CA3
0.6707769433657329,ATCTGTAATTGTACCC-1,11/PIR
-0.9916256368160248,ATCTTATCGCACACCC-1,2/HY
1.8868491848309836,ATCTTGACCTGCAACG-1,15/CA1-pyramidal layer of the hippocampus
0.9011633992195129,ATCTTGACTTGTCCAA-1,1/CTXsp
-0.7250610664486885,ATCTTTCGTATAACCA-1,1/CTXsp
0.0,ATGAAGCCAAGGAGCC-1,13/fxs
2.8390896519025164,ATGAAGTGGACCCAGC-1,"6/II,III,IV"
0.7329018314679463,ATGACGCCGGCTCTAA-1,11/PIR
-1.2548500299453735,ATGACGCGTTCTATCC-1,9/cpd
-0.7179532647132874,ATGACTATCAGCTGTG-1,0/HYL
-0.9235016107559204,ATGACTATGCGACATT-1,0/HYL
0.7335673769315083,ATGAGGAGTGTTAATC-1,13/fxs
4.2395503123601275,ATGATCGGGAATAGAC-1,11/PIR
1.380950172742208,ATGATGCAATGGTACA-1,7/TH
-0.6889443602412939,ATGCACGCGCTGTTCA-1,12/RSP
0.910107394059499,ATGCACTACCGCATTG-1,3/CA3
4.443874756495157,ATGCATGATCCAGGAT-1,3/CA3
3.381426831086477,ATGCCAATCGCTCTGC-1,1/CTXsp
-0.6711977124214172,ATGCCATTTGCGACCA-1,0/HYL
-1.2030287981033325,ATGCCGGTCTTGCATA-1,9/cpd
3.525803903738658,ATGCCGGTTGATGGGA-1,11/PIR
-0.0618753507733345,ATGCGACAGTCCCATT-1,0/HYL
-1.2585328817367554,ATGCGAGTCCCACCAC-1,2/HY
3.27158788839976,ATGCTCAGTGTTGCAT-1,"4/V,VIa,VIb"
-0.9064098745584488,ATGCTCTGGCGCGGTA-1,5/MB
0.2916272456447283,ATGCTTAGGAGTTGAT-1,2/HY
-1.6462395191192627,ATGGAAATTTAAGGAG-1,"4/V,VIa,VIb"
0.8647457361221313,ATGGAACCTTTGCACA-1,8/I
-0.6711977124214172,ATGGAGCAGGCCGTGA-1,0/HYL
0.3859801650047303,ATGGATCCGGCGTCCG-1,"4/V,VIa,VIb"
4.200053254763285,ATGGATTGACCAAACG-1,3/CA3
0.0,ATGGCAGCATTACGAT-1,8/I
0.4839039444923401,ATGGCAGCCGAGAAAC-1,"4/V,VIa,VIb"
-0.9508728384971619,ATGGCGGAATAGTCGC-1,8/I
-2.924567699432373,ATGGGACCTGCTGAAC-1,5/MB
-1.4438998699188232,ATGGGCCTCGGCCTCT-1,0/HYL
0.0,ATGGTCGCGTGGTTTC-1,0/HYL
0.10856931408246351,ATGTAAGGCTGCTCTT-1,1/CTXsp
-1.5992536544799805,ATGTACATGCGGTGAG-1,2/HY
0.2948641975720723,ATGTGAAAGCCTAATG-1,10/CA1
2.536220053831736,ATGTGCATCCGACGCA-1,3/CA3
1.8447052588065467,ATGTGGACATCTTGAT-1,7/TH
0.6721939444541931,ATGTTACGAGCAATAC-1,"6/II,III,IV"
2.7453089753786726,ATGTTCGTCGACCCAC-1,"4/V,VIa,VIb"
-0.6711977124214172,ATGTTGTAGTCTGTTT-1,5/MB
2.066188335418701,ATGTTTCGGCCCGGAG-1,8/I
-0.3844410479068756,ATTAAACATGCGGACC-1,7/TH
0.46205008029937744,ATTAATACTACGCGGG-1,3/CA3
0.0,ATTAATGAACCAGTCG-1,16/VL
0.1486481328805287,ATTAATTCGGTCACTC-1,11/PIR
3.4280534187952676,ATTACAACTACCGGCC-1,1/CTXsp
-1.1191866993904114,ATTACATGTCAGTCTT-1,2/HY
-0.14344792068004608,ATTACCACACTGCCTG-1,2/HY
0.7444181640942891,ATTACGACTCCACAGT-1,1/CTXsp
0.8595537741978965,ATTACGCGCTGGCAGG-1,10/CA1
4.099566658337911,ATTACTAGCCTCTTGC-1,"4/V,VIa,VIb"
3.213309903939565,ATTACTTACTGGGCAT-1,1/CTXsp
2.8673234184583025,ATTAGATTCCTCAGCA-1,1/CTXsp
-0.30722413832942647,ATTAGATTGATAGCGG-1,3/CA3
-0.856965184211731,ATTAGGCGATGCTTTC-1,0/HYL
3.92388595143954,ATTATACTTTGCTCGT-1,11/PIR
0.462159017721812,ATTATAGCTACTTTAC-1,1/CTXsp
-1.3993396759033203,ATTATGCCATAGGGAG-1,13/fxs
0.0,ATTATTATGTCCGTCA-1,5/MB
-0.27142804861068726,ATTCAACCATTTAAGG-1,2/HY
2.6102767835060754,ATTCACTGATGTTGGA-1,5/MB
-1.6634071469306946,ATTCAGGACCTATTTC-1,1/CTXsp
0.5027237137158711,ATTCAGTAGCAGGGTC-1,13/fxs
0.5644483268260956,ATTCATATACTGTCCA-1,7/TH
0.5425081451733906,ATTCATCGTTGAGGCA-1,2/HY
0.7547875444094341,ATTCCCACATAAACAA-1,"4/V,VIa,VIb"
-0.6711977124214172,ATTCCCGAAGGTACAG-1,12/RSP
2.5577134092648826,ATTCCTAAGACGTGGA-1,1/CTXsp
-0.3500642230113348,ATTCCTCCGCCAGTGC-1,13/fxs
0.4446581403414409,ATTCGACGCCGGGCCT-1,10/CA1
0.9725320537885032,ATTCGTGCTATCTCTT-1,14/COA
2.905685802300771,ATTCTCGTCTCTTTAG-1,"6/II,III,IV"
-0.8957629799842834,ATTCTTCGTACTTATG-1,8/I
4.317256510257721,ATTGAAGATCTTAGTG-1,3/CA3
0.39680982629458095,ATTGACCGGCGATGAC-1,1/CTXsp
-0.6286523739496868,ATTGACGTAACTCGGT-1,8/I
-2.0283623337745667,ATTGATCACCACATTT-1,9/cpd
0.30336415469646455,ATTGATGAGTCCTAAC-1,1/CTXsp
-0.8502436280250549,ATTGCCTTTATGTTTG-1,2/HY
0.0,ATTGCGATCAGTAACT-1,2/HY
0.6444653471310935,ATTGCTGCTCCTCCAT-1,3/CA3
-0.9907697439193726,ATTGGATTACAGCGTA-1,0/HYL
2.6508382658163705,ATTGGGAATATCTTGG-1,"6/II,III,IV"
-1.0480270087718964,ATTGTACAACTCGGCT-1,1/CTXsp
0.27445373932520545,ATTGTCGCAATACCTT-1,11/PIR
-0.9098309874534607,ATTGTTCAACGATCCG-1,2/HY
1.0396263003349304,ATTTAACTCGTATTAC-1,11/PIR
0.979764958222707,ATTTACAGTTTACTGG-1,3/CA3
0.6185195048650105,ATTTACTAAGTCCATT-1,1/CTXsp
3.096944550673167,ATTTCATTATTTCGCG-1,11/PIR
-1.6723352670669556,ATTTCCGGGTTCTGCG-1,0/HYL
1.4984889427820842,ATTTGCGCGAGTAGCT-1,0/HYL
0.9681186874707539,ATTTGGAGATTGCGGT-1,12/RSP
0.0,ATTTGTCTTGGGAGCT-1,9/cpd
-1.2857022881507874,ATTTGTTCCAGGGCTC-1,13/fxs
1.53829155365626,CAAACCAGGTCTGCAT-1,"6/II,III,IV"
1.1432592670122783,CAAACGAGTATCGCAG-1,7/TH
-0.6711977124214172,CAAACGGTCGCACTTT-1,3/CA3
1.3032100796699524,CAAACTACGATAGAGA-1,1/CTXsp
0.6058786511421204,CAAACTATTGAGCTTC-1,"6/II,III,IV"
-1.8249151110649109,CAAACTCGCGACGCCG-1,8/I
-0.6711977124214172,CAAAGATTATTGGGCC-1,0/HYL
-0.25000396619240445,CAAATCTCTCACAAGG-1,10/CA1
0.5864444896578789,CAAATGTCCTTCCGTG-1,7/TH
0.3578014373779297,CAAATTGGATTATGCC-1,1/CTXsp
0.25597795844078064,CAAATTGTCAGCAAGC-1,11/PIR
5.019199887911478,CAACACATCTCCTGCC-1,1/CTXsp
-0.6711977124214172,CAACCAGTGGCCTACC-1,2/HY
-0.19447448352972668,CAACCTACCGAGCAGT-1,2/HY
1.0104084213574729,CAACCTGAACCTGCCA-1,1/CTXsp
2.3953533371289573,CAACGACCCGTTTACA-1,13/fxs
0.6829847693443298,CAACGGTTCTTGATAC-1,"4/V,VIa,VIb"
-2.1430510878562927,CAACGTGGTGGAGTCT-1,2/HY
0.6053600509961445,CAACTATATCGAATGC-1,11/PIR
1.1444995601971943,CAACTCCTTGATCCCG-1,"4/V,VIa,VIb"
-0.41719576716423035,CAACTGCTCATCCGAT-1,5/MB
3.081046760082245,CAACTTGTAGTGGGCA-1,8/I
0.8358872294425965,CAAGACTCAGAAGCGC-1,8/I
-1.6795274019241333,CAAGAGGGCGGAGTAC-1,0/HYL
0.0,CAAGATATTATAACGT-1,0/HYL
-0.7323410473763943,CAAGCAACGTCGGAGT-1,3/CA3
-0.19381918509801233,CAAGCACCAAATGCCT-1,11/PIR
2.396303693453471,CAAGCGGCACATAATT-1,5/MB
-0.6409518122673035,CAAGGATCGCATGTTC-1,0/HYL
4.183179616928101,CAAGGTCCTATAGGCT-1,14/COA
0.0,CAAGTGTGGTTGCAAA-1,9/cpd
-0.7496744394302368,CAATAAACCTTGGCCC-1,3/CA3
3.4437215725580854,CAATACGCTCTGAGGC-1,"4/V,VIa,VIb"
-0.6180039644241333,CAATATTCTTGACCTA-1,0/HYL
3.258049726486206,CAATCCCTATACCAGC-1,1/CTXsp
-1.150002270936966,CAATCCTGCCGTGGAG-1,8/I
0.535422682762146,CAATGAGGTTCGACTA-1,1/CTXsp
-0.6711977124214172,CAATGCGAGAAGTATC-1,0/HYL
1.5153323213259378,CAATGTGCCAACCCTT-1,14/COA
2.8152286410331726,CAATTAAGGGTGATGA-1,3/CA3
-0.32844795783360803,CAATTGGGCCGCACTC-1,12/RSP
1.120525042215983,CAATTTCGTATAAGGG-1,0/HYL
0.0,CACAAGAAAGATATTA-1,8/I
-3.025388538837433,CACAATGAGCTGCTAT-1,7/TH
-0.6711977124214172,CACACACGCTAACGAG-1,2/HY
-0.9611147046089172,CACACAGCTTGCGCTC-1,8/I
0.572941283384959,CACACAGGGATAGATT-1,"4/V,VIa,VIb"
0.9302904208501181,CACAGCACCCACGGCA-1,3/CA3
0.2899735927581787,CACAGCTAGGGAGTGA-1,2/HY
0.4919092456499735,CACAGGGCCATATAGT-1,0/HYL
-0.7982353568077087,CACAGGGCCGTTGTCA-1,5/MB
1.3411856492360432,CACAGTCCCGCTTCGC-1,2/HY
2.1355037291844687,CACAGTTCGCTTCCCA-1,2/HY
-2.236106812953949,CACATATTAGCAGGAT-1,7/TH
0.0,CACATCGTGCACGCGC-1,5/MB
1.3326069942365089,CACATCTCACCGACGA-1,5/MB
-0.8542360067367554,CACATGATTCAGCAAC-1,0/HYL
0.17667680978775024,CACATTCTTTCGATGG-1,11/PIR
-0.8953433483839035,CACATTTCTTGTCAGA-1,8/I
0.7462432583173115,CACCAATCATCCGTCT-1,"4/V,VIa,VIb"
0.7524321277936299,CACCACGCCACACAGA-1,"4/V,VIa,VIb"
0.14902852972348524,CACCAGTCAGCATGCA-1,12/RSP
3.286161263783773,CACCATCGGAGGAGAC-1,"6/II,III,IV"
2.455162624518077,CACCCAAATCTTATGT-1,1/CTXsp
0.9592963059743247,CACCCACACGTCACCC-1,"4/V,VIa,VIb"
0.9037251671155293,CACCCACGAGGCAATT-1,11/PIR
-0.5038691163063049,CACCCGGTTTGTGACT-1,0/HYL
-0.38114896416664124,CACCCTAACAAGATCT-1,0/HYL
-1.0567506849765778,CACCCTTGGTGAGACC-1,9/cpd
1.4593560695648193,CACCGATACACCGAGC-1,11/PIR
3.1787778536478677,CACCGCCAGAAGGTTT-1,3/CA3
-1.206062912940979,CACCGCCGACCAGCGA-1,8/I
3.167718311150869,CACCGCGTCCACTCTA-1,1/CTXsp
2.571359763542811,CACCGTATCCCATCCG-1,2/HY
-1.4932291507720947,CACCGTTAGGGATCAC-1,0/HYL
0.23420033852259314,CACCGTTGCGCGATAT-1,10/CA1
1.0231578151384988,CACCTAATAGAGTCGT-1,"6/II,III,IV"
2.4569347699483233,CACCTCGATGGTGGAC-1,11/PIR
0.0,CACCTTGGCGCCTTTG-1,9/cpd
0.7813412149747212,CACGAAAGTTAGTCCC-1,3/CA3
1.995243111004432,CACGCACAGCGCAGCT-1,3/CA3
-0.6711977124214172,CACGCAGCGAGGCTTT-1,3/CA3
0.0,CACGCGGAACTGTTGC-1,9/cpd
0.5132696429888406,CACGGACGTGGATGGC-1,1/CTXsp
5.148239930470785,CACGGCGCGCCAAAGG-1,1/CTXsp
0.5440397262573242,CACGGGATTGAGGGTT-1,"4/V,VIa,VIb"
-2.215942680835724,CACGTCAATCAATGGA-1,2/HY
-0.8365154266357422,CACGTCGGCAACCTCT-1,9/cpd
0.0,CACGTTCGTGCTCTAG-1,9/cpd
-0.6999083161354065,CACGTTTCGTACACAC-1,0/HYL
1.8031711528698602,CACTAAAGTTGCCTAT-1,3/CA3
1.1202627917130787,CACTACGGGAGCTGCC-1,2/HY
0.7822790940602622,CACTCAAGAGCTATGG-1,7/TH
2.935254454612732,CACTCAGCTCTTGAGG-1,"6/II,III,IV"
-0.7393998354673386,CACTCCTATGTAAGAT-1,0/HYL
1.1531321803728738,CACTCCTCTCGGTCGG-1,1/CTXsp
0.1377505660057068,CACTCGAGCTGAACAA-1,7/TH
3.3159746130307513,CACTCGGTTAGGAGGA-1,"4/V,VIa,VIb"
0.7501160005728404,CACTCTTCTGCTAGCC-1,2/HY
-0.026296742260456085,CACTGACGATTGTGGA-1,5/MB
0.43835383653640747,CACTGTCCAAGTGAGA-1,"4/V,VIa,VIb"
3.767195741335551,CACTTAATCAGACGGA-1,3/CA3
4.847724040349325,CACTTCGCCACAGGCT-1,"4/V,VIa,VIb"
-0.6711977124214172,CAGAACTTAGCCCTCT-1,0/HYL
-0.6711977124214172,CAGAATAACACACGGA-1,2/HY
-1.443694531917572,CAGACACCGATCGCTG-1,0/HYL
0.3641693592071533,CAGACCTGTAAGTGTT-1,1/CTXsp
-2.0830348134040833,CAGACGAACCTGATAC-1,0/HYL
-1.0286836624145508,CAGAGACGGTCACCCA-1,7/TH
2.338930234313011,CAGAGCATGAGCTTGC-1,3/CA3
-1.3518916368484497,CAGAGGCGATGCATGA-1,0/HYL
-0.9739303290843964,CAGAGTGATTTAACGT-1,8/I
1.06514702240626,CAGATACTAACATAGT-1,15/CA1-pyramidal layer of the hippocampus
0.9867538412412007,CAGATCATTTAAAGTC-1,1/CTXsp
-2.7341859936714172,CAGATCCTGGTTTGAA-1,9/cpd
3.1856128970781965,CAGATGTTTGTCCCAA-1,"4/V,VIa,VIb"
1.933071533838908,CAGCAGCCCGTTCCTT-1,3/CA3
-1.826992690563202,CAGCAGTCCAGACTAT-1,2/HY
-1.2011074423789978,CAGCAGTCTGTGCTGC-1,5/MB
0.2712228000164032,CAGCCGGGCCCTCTAT-1,11/PIR
0.0,CAGCCTCCTGCAGAGG-1,9/cpd
-0.5165226459503174,CAGCCTCGATAGCGGT-1,2/HY
3.2814526359240217,CAGCCTCTCCTCAAGA-1,1/CTXsp
-1.3676573038101196,CAGCGATTCCCTTCAA-1,0/HYL
0.07262240598599112,CAGCGCCAACACGATA-1,"6/II,III,IV"
-0.13728208343187975,CAGCTCACTGAGACAT-1,3/CA3
-1.845535159111023,CAGCTCGACAAGTTAA-1,16/VL
2.573219954967499,CAGCTCGTGCTTGTGT-1,"4/V,VIa,VIb"
0.32736609379450476,CAGCTGGCGTAACCGT-1,10/CA1
1.8588283260663352,CAGCTTAGTAGGTAGC-1,15/CA1-pyramidal layer of the hippocampus
-0.18800472219785058,CAGGAAGACTTTATAT-1,1/CTXsp
-0.26577526330947876,CAGGATATATCGTTGT-1,7/TH
-1.4995275139808655,CAGGCCGTTTGGGTGT-1,9/cpd
-0.6711977124214172,CAGGCGCACGGTGGTC-1,12/RSP
3.2090816100438433,CAGGCGCCATGCTAGG-1,7/TH
-0.058835794528325436,CAGTAACTATTTATTG-1,1/CTXsp
0.8971258997917175,CAGTAAGGGACGTCTC-1,12/RSP
3.3215282956759133,CAGTAATCCCTCCCAG-1,"4/V,VIa,VIb"
-0.1393685291210811,CAGTACATTCTCTAAA-1,1/CTXsp
3.8808315594991045,CAGTACCAGTTTACGT-1,10/CA1
1.5648282170295715,CAGTAGCCCACGCGGT-1,1/CTXsp
0.6496244668960571,CAGTCGAGGATGCAAT-1,1/CTXsp
-0.6711977124214172,CAGTCGGCCTAGATAT-1,"4/V,VIa,VIb"
-0.6877437829971313,CAGTCTGTATACTGGG-1,7/TH
0.0,CAGTGAATAAATGACT-1,16/VL
3.611069142818451,CAGTGGTTGCACATGA-1,"6/II,III,IV"
0.6984876592953999,CAGTGTCCGCAGAATG-1,"6/II,III,IV"
-1.0555639266967773,CAGTGTCGGCTGGCCC-1,0/HYL
0.4189271926879883,CAGTTCAAATTGACAC-1,3/CA3
-0.3392967482407888,CAGTTCCGCGGGTCGA-1,"4/V,VIa,VIb"
-2.282228708267212,CATAACGGACAGTCGT-1,16/VL
0.1771301031112671,CATAAGAAGCTTGGCT-1,5/MB
-0.6711977124214172,CATAAGCTCTCCGTCT-1,9/cpd
0.36992396910985303,CATACAAAGCCGAACC-1,"6/II,III,IV"
2.849093973636627,CATACACAAAGTCAGC-1,"4/V,VIa,VIb"
-0.5225365161895752,CATACACGGTTCCCAC-1,5/MB
-1.556397557258606,CATACCCGTACCCAGT-1,10/CA1
-0.6711977124214172,CATACGGCGTCTGGGC-1,0/HYL
-0.9599536061286926,CATACTATGTAATTGT-1,3/CA3
4.660531798998514,CATACTTAGGCAATAC-1,14/COA
0.6620532075564067,CATAGCCGCCCGGGAT-1,"4/V,VIa,VIb"
-0.6663015484809875,CATAGCGTTGCCCACC-1,0/HYL
2.916362424691518,CATAGTACATTGAGAG-1,11/PIR
0.7833756407101948,CATAGTAGCATAGTAG-1,"4/V,VIa,VIb"
3.3855375349521637,CATAGTCCACAAGAAC-1,10/CA1
0.3827378849188485,CATATACTACTGATAA-1,1/CTXsp
-1.2249534726142883,CATATAGGTACAGTCA-1,7/TH
-1.1059310734272003,CATATGTCAGGCTACG-1,10/CA1
-0.9752346575260162,CATATTATTTGCCCTA-1,8/I
3.0347434480985007,CATCATCTACCCGGAC-1,"6/II,III,IV"
0.0,CATCATTACCCTGAGG-1,2/HY
-1.1699139475822449,CATCCTCTCAAAGATC-1,2/HY
3.4237672487894693,CATCGCCCGCGGCCAA-1,"4/V,VIa,VIb"
-1.9700480103492737,CATCGGACGGGTTAAT-1,7/TH
1.186360458532969,CATCGTCCGGTTACTA-1,"6/II,III,IV"
3.367696722348531,CATCTATCCCGTGTCT-1,1/CTXsp
3.8227419257164,CATCTGCAGGATCATT-1,"6/II,III,IV"
0.33867945273717237,CATCTTACACCACCTC-1,1/CTXsp
0.6215123534202576,CATGAACCGACATTTG-1,"6/II,III,IV"
3.786885360876719,CATGACTTCGCTGAAT-1,14/COA
0.6437570154666901,CATGAGATGCACTCTC-1,2/HY
1.7585698366165161,CATGATGCACAATTCT-1,13/fxs
-0.9725347757339478,CATGATGGAAGTTAGC-1,9/cpd
5.097792387008667,CATGCCAACTCGCAAA-1,10/CA1
-0.6985825579613447,CATGCGACCAGTTTAA-1,1/CTXsp
2.235465347766876,CATGCGTTAGACAGAA-1,11/PIR
4.2690493265787754,CATGCTGGCTCCAATT-1,11/PIR
-0.6711977124214172,CATGGATTGTCTTCCG-1,0/HYL
2.57293043533961,CATGGCAGGAAGATCG-1,11/PIR
0.0,CATGGGTATGCCTTAT-1,2/HY
0.47870492935180664,CATGGGTCGGGTGTGG-1,1/CTXsp
-1.1554125249385834,CATGGTAAGTAGCGTT-1,0/HYL
-0.6711977124214172,CATGGTATTAGTTTGT-1,12/RSP
4.904821912447611,CATGGTCTAGATACCG-1,3/CA3
0.0,CATGTAAGAGACATTT-1,0/HYL
-1.4501453042030334,CATGTAGGAGCGCCAA-1,8/I
-2.2609379291534424,CATGTCTCATTTATGG-1,0/HYL
1.2231039007504783,CATTACATAGATTGTG-1,1/CTXsp
-0.7913342192769051,CATTACGTCGGCCCGT-1,13/fxs
2.833064059416453,CATTATGCTTGTTGTG-1,3/CA3
3.383597115675608,CATTCCCATTCCGTCG-1,1/CTXsp
-2.7157557606697083,CATTCGTCGTAGCGGT-1,2/HY
3.3601031502087912,CATTGATGAACACGCC-1,1/CTXsp
1.2236775755882263,CATTGCGAAATGGGCG-1,"4/V,VIa,VIb"
0.3579989870389302,CATTGCGGGTCAATTC-1,1/CTXsp
-2.298495292663574,CATTTAGCGGACCATG-1,16/VL
3.2531541387240095,CATTTCTAGCAGACTA-1,"6/II,III,IV"
-2.2167415618896484,CATTTGAGTGGTACGT-1,0/HYL
-0.6711977124214172,CCAAACAGAACCCTCG-1,13/fxs
-1.363633632659912,CCAAATAACAAGATTC-1,2/HY
2.1523911158243814,CCAACGATGCACTGAT-1,3/CA3
-1.3666658401489258,CCAAGAAAGTGGGCGA-1,0/HYL
0.0,CCAAGCGTAACTCGTA-1,0/HYL
3.274609049161275,CCAAGGAACAGAGAGG-1,"4/V,VIa,VIb"
1.0013727247714996,CCAATAGTGCCGTCGA-1,3/CA3
0.1948257486025492,CCAATCGGTAGATCGA-1,11/PIR
3.026722470919291,CCAATGTCACAGCAAG-1,7/TH
0.4166886409123738,CCAATTACGGGTCGAG-1,11/PIR
1.9796812136967976,CCAATTGAATGTTAAT-1,"4/V,VIa,VIb"
-1.879751443862915,CCACAATGTACGTCTT-1,9/cpd
-1.509727656841278,CCACACTGAGATATTA-1,7/TH
-0.8485053777694702,CCACAGTACCCATCCT-1,0/HYL
-1.2146040797233582,CCACATACTGCACCCA-1,2/HY
1.081281046072642,CCACATGGCTCTTTAT-1,"4/V,VIa,VIb"
-0.4727569818496704,CCACCAACTTTACTGT-1,0/HYL
1.1374959548314412,CCACCCAAGGAAAGTG-1,0/HYL
2.3159312903881073,CCACCTGTATGGAATA-1,2/HY
3.408385972181956,CCACGAATTTAACCTC-1,14/COA
3.234084626038869,CCACGAGAAGAGAATC-1,11/PIR
2.423355499903361,CCACGGAGCCATAAGA-1,10/CA1
0.8037941654523215,CCACGGTGCCCGGTAG-1,14/COA
4.4969125390052795,CCACGTAAATTAGACT-1,8/I
1.1326804757118225,CCACTATCCGGGTCAC-1,1/CTXsp
1.375307857990265,CCACTGGTGGCTGGTT-1,15/CA1-pyramidal layer of the hippocampus
2.641212046146393,CCACTGTTTGGATTAA-1,2/HY
-1.0788837671279907,CCAGAAAGCAACTCAT-1,0/HYL
0.7504273056983948,CCAGAGACAAAGCCGG-1,"4/V,VIa,VIb"
-0.8446251153945923,CCAGATAGTTGAGTGA-1,9/cpd
-1.2250332832336426,CCAGATGTAAATGGGT-1,8/I
-1.2207632064819336,CCAGCCTGGACCAATA-1,0/HYL
0.0014096299807230261,CCAGCGGGATCACCAG-1,8/I
-0.9966465830802917,CCAGCTCGAACGCATT-1,5/MB
1.627445956071218,CCAGCTGATGGTACTT-1,15/CA1-pyramidal layer of the hippocampus
-0.6711977124214172,CCAGCTTCCGCCCGCA-1,"4/V,VIa,VIb"
-0.08173160751660669,CCAGGCTGGCGTCTGA-1,2/HY
-0.35186945398648584,CCAGGGACGTGGCCTC-1,3/CA3
-1.0674085319042206,CCAGTAGTCTGATCCA-1,1/CTXsp
0.6235329707463582,CCAGTCAAATCTCTTA-1,"4/V,VIa,VIb"
-1.0052732586860658,CCAGTCTAGACGGCGC-1,16/VL
1.1609975894292195,CCAGTCTTGTCATAGA-1,5/MB
1.0745878020922341,CCATAAACAACCCGAC-1,11/PIR
0.20944538712501526,CCATAACCTGTGCAGT-1,"4/V,VIa,VIb"
0.266047457853953,CCATACCTTTACTTGT-1,1/CTXsp
2.770512342453003,CCATACTCGCCTCTCC-1,"6/II,III,IV"
-0.6711977124214172,CCATAGAGGCTGCCAG-1,12/RSP
0.027885332703590393,CCATAGGTTGGCGTGG-1,"4/V,VIa,VIb"
-0.38993316888809204,CCATATGGAAACTATA-1,2/HY
4.064281980196635,CCATCCATACCAAGTC-1,"6/II,III,IV"
-1.1989302039146423,CCATCGCAGTTAAACT-1,7/TH
-1.6817139983177185,CCATCTCACCAGTGAA-1,2/HY
-1.986681044101715,CCATGCCCTAGATTTC-1,0/HYL
-0.8954584002494812,CCATGCCTGTTTAGTA-1,0/HYL
-1.9047662615776062,CCATGCTCTGCAGGAA-1,13/fxs
3.2178364992141724,CCATGGCCCTTGTACC-1,13/fxs
-0.6711977124214172,CCATTAGCGATAATCC-1,3/CA3
0.14601484934488929,CCATTCCCTGCCCACA-1,3/CA3
1.079903741677602,CCATTGTTTCCTCCAT-1,1/CTXsp
-0.25228283802668255,CCATTTCTACCTATTA-1,5/MB
0.0,CCCAAACATGCTGCTC-1,9/cpd
3.7772440910339355,CCCAACATACGTCGCG-1,10/CA1
-0.6711977124214172,CCCAACCACACTAACA-1,8/I
-0.3662552535533905,CCCAATGAGATTTGCA-1,5/MB
3.0182929833730063,CCCAATTTCACAACTT-1,10/CA1
4.932133316993713,CCCACTCCACGGTATC-1,"4/V,VIa,VIb"
1.0556263724962869,CCCAGAGGAGGGCGTA-1,1/CTXsp
0.0,CCCAGGTCTGAAGGCT-1,2/HY
-2.063561975955963,CCCAGTAAACTTGGGA-1,9/cpd
0.0,CCCAGTTAAGGCGCCG-1,0/HYL
-0.6711977124214172,CCCGAAGTTTCGCGAA-1,9/cpd
-1.0038412809371948,CCCGAGTTTCTCCGTA-1,2/HY
3.1816574620703855,CCCGCAGCGCGAACTA-1,7/TH
4.6402162710825605,CCCGCAGGGCCCAAAG-1,1/CTXsp
1.1092221538225808,CCCGCCATGCTCCCGT-1,"4/V,VIa,VIb"
0.7206171949704487,CCCGCGCAATGCACCC-1,"6/II,III,IV"
2.7364578532675905,CCCGGGTCGTTCAGGG-1,5/MB
0.6779165069262187,CCCGGTGGAAGAACCT-1,"4/V,VIa,VIb"
-1.572098195552826,CCCGGTGTATCGGAAT-1,9/cpd
1.4174594730138779,CCCGTAAGTCTAGGCC-1,10/CA1
0.32990322510401404,CCCGTAGCTGGGAAGA-1,5/MB
2.6457084814707437,CCCGTCAGCGTCTGAC-1,3/CA3
-0.6711977124214172,CCCGTGAGGGCGGTGA-1,"4/V,VIa,VIb"
0.6518442779779434,CCCGTTTCGCAGATGT-1,2/HY
-0.6711977124214172,CCCTAGGCAACAAGAG-1,"4/V,VIa,VIb"
-0.6711977124214172,CCCTATGTAGAGCAGA-1,8/I
0.282357782125473,CCCTCATTCTGGAATT-1,"4/V,VIa,VIb"
-0.8376634418964386,CCCTCCTCGCTCGTAT-1,2/HY
-0.9245525300502777,CCCTGAAATGAGTTGA-1,3/CA3
1.5176217754681907,CCCTGACTAACAAATT-1,"4/V,VIa,VIb"
3.8690221707026162,CCCTGCCCAATCCGCT-1,15/CA1-pyramidal layer of the hippocampus
1.049907664457957,CCCTGCGCTACGCATA-1,15/CA1-pyramidal layer of the hippocampus
0.9016051093737285,CCCTGGCTGTTCCTTC-1,"4/V,VIa,VIb"
-0.6711977124214172,CCCTTTAATGGAGTTC-1,2/HY
0.7681334416071575,CCCTTTGACAGGTCTT-1,7/TH
-0.022693465153376335,CCGAAAGTGGTGAGCA-1,"6/II,III,IV"
1.7586283882459006,CCGAACACTGGGCCTC-1,15/CA1-pyramidal layer of the hippocampus
-1.0490020215511322,CCGAACCTTCCCGGCC-1,7/TH
0.20069924990336097,CCGAAGCATTGACCAA-1,12/RSP
1.0070824027061462,CCGAAGGGCGTACCGC-1,1/CTXsp
0.6185958584149678,CCGAAGTATATTGTTC-1,"4/V,VIa,VIb"
0.1994998653729756,CCGACAAAGGGAGTGC-1,13/fxs
1.1885982925693195,CCGACAATAGGCCGCC-1,2/HY
1.125265856583913,CCGACGGGCATGAGGT-1,12/RSP
3.0936472515265145,CCGACGTAAACACAAC-1,1/CTXsp
0.22654337311784425,CCGAGAAGTCGCATAA-1,8/I
3.987034539381663,CCGAGCTGTGCTTGTC-1,1/CTXsp
0.0,CCGATATGACGTAAGG-1,2/HY
0.059667636950810676,CCGATCTCAACCTTAT-1,1/CTXsp
3.0971062779426575,CCGATTCGAGGGACCC-1,15/CA1-pyramidal layer of the hippocampus
-2.2673314213752747,CCGCACAAAGACCAAC-1,0/HYL
1.3444203734397888,CCGCACGTGACCTCGG-1,13/fxs
2.6018422643343606,CCGCATGTGGTACGAT-1,5/MB
-0.9690918922424316,CCGCCGGAACTTCTCG-1,9/cpd
2.753286063671112,CCGCCGGTCAACACAC-1,11/PIR
3.2660664319992065,CCGCCTGCGAATTGGT-1,1/CTXsp
0.6687891284624736,CCGCCTTGCGATGTCG-1,"4/V,VIa,VIb"
0.8766451875368755,CCGCGATTTGGTAGGT-1,"4/V,VIa,VIb"
-1.499495804309845,CCGCGCAAGATACCCA-1,12/RSP
-1.2484503984451294,CCGCGGAATGCGTCAC-1,0/HYL
0.8136476476987202,CCGCGGGTACGAAGAA-1,15/CA1-pyramidal layer of the hippocampus
3.3811558683713274,CCGCGTAGGTAAGGGC-1,13/fxs
-0.6591475605964661,CCGCTATCAGCACCAG-1,7/TH
0.015031258265177372,CCGCTCTTCCGAACTA-1,2/HY
0.9909263849258423,CCGCTTACCTCACTCT-1,10/CA1
3.6604194442431135,CCGCTTGCTGACATGG-1,1/CTXsp
3.1169941375652948,CCGGAATGGTTTCAGT-1,13/fxs
-0.18925787508487701,CCGGAGCGTACTTTCT-1,5/MB
3.960322817166646,CCGGAGGTCTTATGGT-1,1/CTXsp
0.46508580446243286,CCGGCACGACCGTTTC-1,14/COA
-0.15319829185803735,CCGGCCGCGAGCATAT-1,12/RSP
2.5875557760397596,CCGGCGCATATTGGAT-1,11/PIR
-0.6711977124214172,CCGGCGTGAGACTCTG-1,9/cpd
1.092978318532308,CCGGGACCCGCAGAGA-1,11/PIR
0.0,CCGGGCGGTCTCGTCA-1,9/cpd
0.0,CCGGGCTGCTCCATAC-1,9/cpd
1.2960462073485055,CCGGGTTCGAGGTTAC-1,10/CA1
3.0605543851852417,CCGGTAATGGCTAGTC-1,14/COA
-0.7444471716880798,CCGGTTTGTAATTGTG-1,0/HYL
0.0,CCGTAAGTTGGTCCCA-1,9/cpd
1.0901101231575012,CCGTACCCAAGCGCCA-1,"6/II,III,IV"
1.1262356288110216,CCGTAGGAAATCCCTG-1,2/HY
0.987158477306366,CCGTAGGGTTGTTTAC-1,2/HY
2.922187864780426,CCGTATCTCGTCGTAG-1,12/RSP
1.4687790274620056,CCGTATTAGCGCAGTT-1,1/CTXsp
2.5735281606515246,CCGTGAGGCATTCATG-1,8/I
-0.6711977124214172,CCGTGCCCATGACGGC-1,"6/II,III,IV"
-0.78049186617136,CCGTGGAACGATCCAA-1,1/CTXsp
0.8809592525164287,CCGTGTTAAATTCCAT-1,8/I
4.0801847378412885,CCGTTACGTTAGAACA-1,11/PIR
0.08366260925928748,CCGTTCCGAATCTCGG-1,10/CA1
2.887135922908783,CCTAAAGGCTGACGCT-1,11/PIR
-1.2284741401672363,CCTAAATTAACGGTTC-1,7/TH
0.0,CCTAAATTGTATCCTA-1,2/HY
0.2849756280581156,CCTAACCCAAACAAGT-1,0/HYL
0.04374583562215162,CCTAACTAAGGCTCTA-1,1/CTXsp
-1.549095869064331,CCTACATTCACAGACG-1,9/cpd
3.505025545756022,CCTACGGCTCAGTCGA-1,"6/II,III,IV"
-0.6000497341156006,CCTACTCAACACGATT-1,2/HY
-0.6711977124214172,CCTACTGCGGCGGCCA-1,8/I
1.007881740729014,CCTACTGCTTACACTT-1,3/CA3
0.0,CCTAGGCGTAGCGATC-1,9/cpd
0.4535878871877988,CCTAGGTAAAGGTAGC-1,9/cpd
0.582719842592875,CCTAGTTAGTCGCATG-1,"6/II,III,IV"
-0.5010471940040588,CCTATAATGAGTGCCC-1,0/HYL
-1.3749724626541138,CCTATACCGTCCTGTC-1,0/HYL
-0.7481517791748047,CCTATATCGTGTCACG-1,12/RSP
-0.4222801923751831,CCTATATTTGTCCTGG-1,5/MB
1.5989868640899658,CCTATCTATATCGGAA-1,1/CTXsp
2.830185353755951,CCTATGAAGTGGTGCC-1,14/COA
-0.6711977124214172,CCTATGGGTTACCGTC-1,3/CA3
-1.324326515197754,CCTATGTCCACTCCAC-1,2/HY
1.2503421505292256,CCTCAACGATCGCTGT-1,"4/V,VIa,VIb"
0.24793320894241333,CCTCACCAATCTTGAC-1,"4/V,VIa,VIb"
0.18349754810333252,CCTCACCTGAGGGAGC-1,1/CTXsp
2.1228491365909576,CCTCACCTTAGCATCG-1,1/CTXsp
1.4112175107002258,CCTCACGTCAGCTAAT-1,2/HY
1.9044723678380249,CCTCCCGACAATCCCT-1,"6/II,III,IV"
0.8578419486681621,CCTCCGACAATTCAAG-1,3/CA3
0.9564995964368184,CCTCCTGAGCCCACAT-1,"4/V,VIa,VIb"
-1.3758001327514648,CCTCCTGTTGTGTCGT-1,2/HY
1.062415818373362,CCTCGAAGTGGACGGG-1,11/PIR
0.7262844045956929,CCTCGCCAGCAAATTA-1,11/PIR
2.8040640329321223,CCTCGCGCGATATAGG-1,1/CTXsp
3.1329411615928016,CCTCGCGCTGTGCGAT-1,5/MB
0.0,CCTCGGACCGGGATAG-1,0/HYL
4.776052157084147,CCTCGGATGCTACCTG-1,"4/V,VIa,VIb"
-0.03660539786020922,CCTCTAATCTGCCAAG-1,3/CA3
1.8725626269976297,CCTCTATCGATTAGCA-1,12/RSP
0.2879194815953572,CCTCTCTCCCATCTAG-1,3/CA3
3.012307733297348,CCTCTGGCCTAGACGG-1,11/PIR
0.18488554159800208,CCTCTGTACTATTCTA-1,5/MB
0.0,CCTGAACGATATATTC-1,9/cpd
-1.189042091369629,CCTGAATATTTACATA-1,3/CA3
2.7589280108610788,CCTGACCACCGATGGT-1,7/TH
0.6761119365692139,CCTGCCCGTTGTCTAG-1,"4/V,VIa,VIb"
1.3698020974795022,CCTGCGTTCTACGCTT-1,"4/V,VIa,VIb"
0.9628788828849792,CCTGCTATTTGAGAAG-1,3/CA3
1.0084614555040994,CCTGGAAACGTTCTGC-1,14/COA
2.7186660766601562,CCTGGCTAGACCCGCC-1,3/CA3
-3.335580825805664,CCTGGTCGAATGTGGG-1,0/HYL
3.460185835758845,CCTGTAAGACATGATA-1,3/CA3
0.164544016122818,CCTGTACTCACGCCCA-1,10/CA1
0.018791844447453743,CCTGTCACCCGGGCTC-1,3/CA3
2.7847148776054382,CCTGTCCCTCACGTTA-1,14/COA
-0.8693885505199432,CCTGTCGCCCGTAAAT-1,0/HYL
1.0420748591423035,CCTGTGAAACCGTAAC-1,"6/II,III,IV"
0.718285545706749,CCTGTTTGAAGACACG-1,2/HY
-0.9077018052339554,CCTTCAGTTAAAGTGA-1,5/MB
-0.20930125812689465,CCTTCTCAGCGTTCCT-1,10/CA1
-0.6711977124214172,CCTTCTTGATCCAGTG-1,13/fxs
-0.6711977124214172,CCTTGACCACTTTATT-1,2/HY
-0.8202762007713318,CCTTTAAGGGAGCACT-1,5/MB
-0.776348240673542,CCTTTCAATGAAGAAA-1,1/CTXsp
-0.21018387873967492,CCTTTGAATTATGGCT-1,12/RSP
2.6472361385822296,CGAAACATAGATGGCA-1,1/CTXsp
3.5270416339238486,CGAAACGCAATTCATG-1,10/CA1
-0.007941811345517635,CGAACAGTATGGGCGT-1,2/HY
0.0,CGAACCCGCATGCGTC-1,0/HYL
4.407228787740071,CGAACGCCCAGTGCCG-1,11/PIR
2.4236391981442766,CGAACGGCCGGACAAC-1,10/CA1
3.2209420601526895,CGAAGACGGTGAGTGC-1,"6/II,III,IV"
0.16944112380345655,CGAAGCTATAAATTCA-1,1/CTXsp
-0.22819279382626217,CGAAGTTGCTCTGTGT-1,3/CA3
-0.6711977124214172,CGAATCTGCTCGACGC-1,8/I
-0.6711977124214172,CGAATGAAGTCATTGC-1,8/I
-1.472043752670288,CGAATGACGCATAATG-1,2/HY
0.0,CGACAATTTGATCTAA-1,0/HYL
-0.5297802686691284,CGACACGCTCCGACAG-1,0/HYL
2.9740787545839944,CGACAGTTCGCGTTAT-1,3/CA3
-0.0910988450050354,CGACATGCGATCTTCT-1,8/I
-0.6711977124214172,CGACCCTTAACGCCGG-1,9/cpd
-0.6711977124214172,CGACCTACTAGACAAT-1,"4/V,VIa,VIb"
-1.0202610194683075,CGACGCATCCGTACCT-1,9/cpd
0.9059345920880637,CGACTCAGGATGTTAT-1,1/CTXsp
0.7061308423678079,CGACTTTGTATAGCCT-1,1/CTXsp
-1.159520447254181,CGAGACCCTAGAGTGT-1,7/TH
-3.170525074005127,CGAGAGATGTGAACCT-1,3/CA3
2.6177501479784646,CGAGAGCGCGTAGATA-1,"4/V,VIa,VIb"
0.8564082607626915,CGAGAGCTTTCACTAC-1,2/HY
-0.6711977124214172,CGAGAGGGTAGCCGCG-1,2/HY
4.4459956884384155,CGAGATTTCGCTCGGG-1,8/I
0.48649823665618896,CGAGCACTTCAAGTTT-1,"4/V,VIa,VIb"
0.36429021755854296,CGAGCGTTGATCAGCC-1,"6/II,III,IV"
0.6828906734784443,CGAGCTGGGCTTTAGG-1,11/PIR
2.5886009087165194,CGAGGAGCTTCCATAT-1,1/CTXsp
3.910416007041931,CGAGGATCGGGAACGA-1,1/CTXsp
-0.6711977124214172,CGAGGCTAAATATGGC-1,3/CA3
-1.7351476550102234,CGAGGGACTGCGGTCG-1,0/HYL
0.29002203792333603,CGAGGGTATCCAGGTG-1,5/MB
-0.8918558657169342,CGAGTACTAAAGAGGA-1,10/CA1
-0.6711977124214172,CGAGTGAAGGTACCAG-1,0/HYL
2.7959302812814713,CGAGTGCTATAGTTCG-1,"6/II,III,IV"
0.0,CGAGTTTATCGGACTG-1,9/cpd
-0.8313708901405334,CGATACCTCGCGGACA-1,7/TH
2.438633839289347,CGATCCGACCCAGTGC-1,7/TH
-0.0437036852041881,CGATCTGTTGGAGGAC-1,10/CA1
2.871903796990712,CGATGGACCCTACGCC-1,1/CTXsp
2.0875060881177583,CGATGTTGTTATCTAC-1,12/RSP
2.7778401970863342,CGATTAAATATCTCCT-1,5/MB
1.971082866191864,CGATTCGCCTGGCTGC-1,5/MB
4.120720187822978,CGCAAACACGAGTTAC-1,15/CA1-pyramidal layer of the hippocampus
1.1908288200696309,CGCAATTACTTTCGGT-1,"4/V,VIa,VIb"
0.6069766879081726,CGCAATTAGGGTAATA-1,3/CA3
-0.147665689388911,CGCAATTCTACAATAA-1,13/fxs
0.0,CGCACATGTCCACTAC-1,9/cpd
-1.303171455860138,CGCACGTGCGCTATCA-1,13/fxs
2.374410053094228,CGCAGAAACATTTGCG-1,8/I
1.7783660292625427,CGCAGATCTTCACCCG-1,1/CTXsp
-1.540078043937683,CGCAGGCGATCCAAAC-1,2/HY
-0.8577273935079575,CGCATCATGGCTTCAG-1,8/I
3.0513153870900473,CGCATCCATCAGCCAG-1,1/CTXsp
-0.8024265319108963,CGCATGGTGCGATGCT-1,0/HYL
0.6257791121800742,CGCATTAGCTAATAGG-1,3/CA3
-0.6711977124214172,CGCCAAGAAGCCGAGT-1,10/CA1
-0.8215958029031754,CGCCACAGGTCGCGAT-1,9/cpd
-0.9556325078010559,CGCCCAGCACGCCTAG-1,5/MB
3.2546914418538413,CGCCCGCTTCCGTACA-1,11/PIR
0.910605251789093,CGCCCTTGAAGGCTGA-1,"4/V,VIa,VIb"
0.568893551826477,CGCCGACTATTCGCTA-1,"6/II,III,IV"
0.0,CGCCGCCCATGCCTGT-1,9/cpd
1.624795824289322,CGCCGTTCAGCATAGT-1,2/HY
-0.4487725794315338,CGCCTCCCTCCTCTAT-1,0/HYL
3.2559580504894257,CGCCTGGCCTACGTAA-1,10/CA1
1.6640089750289917,CGCGAAGTGGCATACT-1,2/HY
3.23942232131958,CGCGACACTGCGCAGC-1,"6/II,III,IV"
-1.0041849613189697,CGCGACCGCGACAGAT-1,2/HY
3.332448502381643,CGCGAGAGGGACTTGT-1,1/CTXsp
-0.32967591782410943,CGCGAGTCTGCCGGGT-1,9/cpd
-0.4146015544732412,CGCGCAAATGTCCAGA-1,12/RSP
-1.3077078461647034,CGCGCATGTTTGATTG-1,7/TH
0.0,CGCGGCTCAACTTGAA-1,0/HYL
-1.044885277748108,CGCGGGAATTAGGCAG-1,3/CA3
3.200995107491811,CGCGGTAAGTCTAGCT-1,1/CTXsp
-2.1971373558044434,CGCGGTACGGTATACA-1,2/HY
4.721207658449808,CGCGGTCACAAACCAA-1,1/CTXsp
0.689944048722585,CGCGTTCATGAAATAC-1,3/CA3
2.7424631118774414,CGCTACGGGACATTTA-1,7/TH
2.879884318759044,CGCTAGAGACCGCTGC-1,1/CTXsp
0.4769603808720906,CGCTATACCGCCCACT-1,"6/II,III,IV"
4.036584417025248,CGCTATTCAATGTATG-1,"4/V,VIa,VIb"
0.16058439016342163,CGCTATTCTTAGGCTC-1,7/TH
-1.9063661694526672,CGCTCGACATAATGAT-1,13/fxs
2.285132567087809,CGCTCTCCGTAGATTA-1,3/CA3
-0.0683811604976654,CGCTGGTGACTACCCT-1,2/HY
4.964451630910238,CGCTGTGACGCCGCAC-1,3/CA3
-0.9005140662193298,CGCTGTGTGGATGTTG-1,5/MB
0.029246702790260315,CGCTTATTCCCGGTCG-1,10/CA1
2.61080073316892,CGCTTCCACTGAAATC-1,"4/V,VIa,VIb"
-0.40586093068122864,CGCTTGGACGGATAGA-1,2/HY
2.8148857752482095,CGCTTTCATACCGGTG-1,11/PIR
-2.182016134262085,CGCTTTCTTGCATTCG-1,3/CA3
-0.25460758805274963,CGGAAAGAATCAAACG-1,5/MB
-1.2051726579666138,CGGAACGTAAACATAG-1,7/TH
0.8010699947675068,CGGACGTTACTTGAAG-1,"4/V,VIa,VIb"
1.637710819641749,CGGAGCAATTTAATCG-1,5/MB
-0.8538540601730347,CGGAGCATGGCGATCC-1,0/HYL
-0.811008870601654,CGGAGCTTATAACACC-1,8/I
1.2923354903856914,CGGAGTTTGAGAGACA-1,15/CA1-pyramidal layer of the hippocampus
0.9218294024467468,CGGATAAGCGGACATG-1,"6/II,III,IV"
0.0818370680014292,CGGATCCTCAAGGACT-1,2/HY
2.281674762566884,CGGCAAACATCGTGCG-1,5/MB
-0.208598996202151,CGGCAATAAGATCGCC-1,2/HY
2.8465460340181985,CGGCACCGTTAGCGCC-1,1/CTXsp
-0.6711977124214172,CGGCACTCAAGAAAGT-1,8/I
0.0,CGGCAGGGTCGGGTTG-1,16/VL
1.569029986858368,CGGCCACGCACAAAGT-1,0/HYL
0.18873788913091016,CGGCCCAACCTGTAGT-1,1/CTXsp
-1.8921073079109192,CGGCCCAGGTATATCC-1,8/I
-0.9491945505142212,CGGCGCCATCAATCCC-1,2/HY
-1.040625512599945,CGGCTCTAAAGCTGCA-1,8/I
0.7391203840573628,CGGCTTTGTATGATAA-1,"6/II,III,IV"
-1.0646823644638062,CGGGAATATAGTATAC-1,0/HYL
1.442059795061747,CGGGAATTTATGTAAA-1,7/TH
1.1619026760260265,CGGGAGCTTCAGTGTA-1,0/HYL
3.308509409427643,CGGGAGTATACCGCCG-1,8/I
3.7353915969530744,CGGGATCAATGTAAGA-1,3/CA3
4.057122111320496,CGGGCAGCTAAACCGC-1,3/CA3
0.8575696746508279,CGGGCCTTCTTTGTAA-1,7/TH
0.0,CGGGTGTACCCATTTA-1,9/cpd
-0.6711977124214172,CGGGTTTGTTAGGGCT-1,2/HY
0.33548102378845224,CGGTACGGCAAACCCA-1,"4/V,VIa,VIb"
-0.5900812745094299,CGGTACTAGAATCAAA-1,0/HYL
-0.0027029017607371753,CGGTAGAGGTGCAGGT-1,1/CTXsp
-1.0275767147541046,CGGTATAGGTATTAGC-1,8/I
0.0,CGGTCAAGTGGGAACC-1,3/CA3
0.801423978805542,CGGTCAGTCCATATTT-1,2/HY
3.8914066354433694,CGGTCCATGAGACTCC-1,1/CTXsp
-0.3199404180049896,CGGTCCGTCGCAAGCC-1,2/HY
3.7762907544771833,CGGTCTATCAACCCGT-1,11/PIR
1.223945717016856,CGGTGAAGACTAAAGT-1,15/CA1-pyramidal layer of the hippocampus
4.337050229310989,CGGTGCAGATAGAACG-1,10/CA1
-0.6981913447380066,CGGTGCGCGTTGGTCC-1,0/HYL
5.993215640385946,CGGTGGGCTCCAGCCT-1,1/CTXsp
0.6767406264940896,CGGTGTACTTGATCCC-1,"6/II,III,IV"
0.13955499728520704,CGGTTATCCAACAGTG-1,1/CTXsp
3.6181419690450034,CGGTTCAAGTAGGTGT-1,1/CTXsp
3.314095139503479,CGGTTGACCTGGCATA-1,10/CA1
0.16281664371490479,CGTACCTGATAGGCCT-1,3/CA3
0.7412963310877481,CGTAGCGAATTGTCAG-1,11/PIR
-0.6711977124214172,CGTAGCGCCGACGTTG-1,8/I
0.7426419854164124,CGTATTAAGAGATCTA-1,3/CA3
-0.14250521858533227,CGTATTGTTTCCTAAT-1,8/I
-1.1878071427345276,CGTCAAATGGTCGCAG-1,8/I
-0.6711977124214172,CGTCAAGGCTATAAAT-1,"4/V,VIa,VIb"
-1.5692375898361206,CGTCACGTCCATTGGT-1,7/TH
0.12489698330561316,CGTCAGTGCGCACAAG-1,"6/II,III,IV"
1.9696038365364075,CGTCATACCATATCCA-1,"6/II,III,IV"
0.0,CGTCGGATAGTGTTGA-1,16/VL
2.674562076727549,CGTCGGGTCTAAGCGC-1,12/RSP
1.1155889183282852,CGTCGTCCTTCGCGAA-1,5/MB
1.145647863547007,CGTCTGGAAGGGCCCG-1,11/PIR
2.7136048575242357,CGTGAAGTTAATTCAC-1,7/TH
-0.21039530138174695,CGTGACATTGGGTCGT-1,11/PIR
-0.6711977124214172,CGTGACCAGTCCTCTG-1,2/HY
-0.2967604398727417,CGTGCAGACTGGGACA-1,0/HYL
2.29849940041701,CGTGCATTGTCGACGC-1,10/CA1
-0.9105858206748962,CGTGCCCTCCCGAAGA-1,0/HYL
-1.3061605095863342,CGTGGCCGAATATCTA-1,0/HYL
0.48264982302983594,CGTGTCCCATTCGCGA-1,3/CA3
-0.548638105392456,CGTGTCTCGTTACGAC-1,5/MB
3.0621641476949053,CGTGTGTTAAACCCTG-1,1/CTXsp
0.7118245263894398,CGTTAAACTAGTTAGG-1,2/HY
-0.8044138550758362,CGTTAATGTCCCGACG-1,2/HY
-0.7845343127846718,CGTTAGCTCACAACTG-1,1/CTXsp
0.6393393397331237,CGTTATCATACTTCCA-1,"4/V,VIa,VIb"
1.0279356439908345,CGTTCATGGTGCGCGT-1,15/CA1-pyramidal layer of the hippocampus
1.202352742354075,CGTTCTTCGCACACCT-1,1/CTXsp
-0.16081866125265765,CGTTGAATACCGCGCT-1,5/MB
-0.8638176918029785,CGTTGAGCGACCGTCG-1,0/HYL
-0.6711977124214172,CGTTGCCCGCGTGGGA-1,5/MB
3.6527175108591714,CGTTGTAAACGTCAGG-1,"6/II,III,IV"
1.2727875113487244,CGTTGTAAGATTGATT-1,1/CTXsp
-0.6711977124214172,CGTTGTCGGCAATTGA-1,5/MB
-1.391553819179535,CGTTGTTTCAATTCCC-1,3/CA3
3.6453524430592856,CGTTTAAGCGGAGCAC-1,11/PIR
1.0678881208101907,CGTTTACAAGGCAGCT-1,1/CTXsp
2.659838616847992,CGTTTCACTTCGGGCG-1,11/PIR
3.277055005232493,CGTTTCGCTCATTACA-1,3/CA3
-1.293526291847229,CGTTTGGTGTTGTGGG-1,2/HY
-0.3495265245437622,CGTTTGTGTAGAGGGT-1,0/HYL
0.154019887248675,CTAAAGAATGCCTACT-1,10/CA1
-0.47459447383880615,CTAAAGGGAAATAGGA-1,7/TH
-1.1927934885025024,CTAAATCCGGTGTACA-1,5/MB
-0.6711977124214172,CTAACAGCACAATAAC-1,12/RSP
2.391472448905309,CTAACCGCGCGCCCGT-1,10/CA1
-0.6711977124214172,CTAACGAAACTTGCTG-1,16/VL
-1.105924129486084,CTAACTGATAATCGCC-1,2/HY
0.0,CTAACTGGTCCGGTTC-1,0/HYL
1.3254077633221943,CTAAGGGAATGATTGG-1,7/TH
0.633228878180186,CTAATTCGCACGCGCT-1,15/CA1-pyramidal layer of the hippocampus
3.1372705002625785,CTAATTCTCAGATATT-1,1/CTXsp
0.6157783766587577,CTAATTTCAACAACAC-1,"4/V,VIa,VIb"
-1.5174405574798584,CTACAAGAAATAACCC-1,5/MB
-0.6711977124214172,CTACACTCGCAGATGG-1,2/HY
0.5220409433046975,CTACGACTAGCTATAA-1,10/CA1
1.2963739894330502,CTACGCACGGAGTACC-1,0/HYL
2.8682207465171814,CTACGCCATTTCCGAT-1,1/CTXsp
2.91912583510081,CTACTATCATAGGTTT-1,12/RSP
-0.08466948568820953,CTACTATCTTTCAGAG-1,1/CTXsp
-0.5875563621520996,CTACTCAAGGTATAGT-1,5/MB
1.2552010516325631,CTACTCTAGGCCCGGC-1,13/fxs
3.307095537583033,CTACTGCCACCTGACC-1,3/CA3
0.08718401193618774,CTAGATGTGAGTGTAA-1,1/CTXsp
-0.7684370279312134,CTAGATTTACGACGGC-1,0/HYL
-1.029334843158722,CTAGCATAGTATAATG-1,0/HYL
-0.6711977124214172,CTAGCCACAGGCGAGC-1,2/HY
3.141365518172582,CTAGCCGATGTTATGA-1,1/CTXsp
0.0,CTAGGCGCCCTATCAG-1,0/HYL
0.38434046506881714,CTAGGTCTGAAGGAAT-1,1/CTXsp
-3.1266422867774963,CTAGGTTCGGACGTGA-1,0/HYL
-0.5902236104011536,CTAGTAGAAAGGGATT-1,5/MB
0.9570450186729431,CTAGTATTCGGAATTA-1,11/PIR
-0.6711977124214172,CTAGTCACGTCTTAAG-1,0/HYL
-1.2401814460754395,CTAGTGAAGGACAGGA-1,3/CA3
-0.04605991641680407,CTAGTTACAACCCGGT-1,5/MB
3.983343561490377,CTAGTTGGGCCCGGTA-1,3/CA3
0.0518783231576283,CTATAAGAGCCAATCG-1,1/CTXsp
0.23842414220174146,CTATACTTAAAGCGAG-1,12/RSP
0.0,CTATAGGCGTTGATGT-1,5/MB
-1.3637779355049133,CTATCGACGAAATACA-1,0/HYL
-1.0026187598705292,CTATCGCGTAGAGAAC-1,2/HY
-0.7045368738472462,CTATCGGGTCTCAACA-1,0/HYL
0.1888758341471355,CTATGCCCGAATGCAA-1,2/HY
-0.4440402686595917,CTATGGGAAGCGGAAT-1,2/HY
0.08314434687296546,CTATGTCACTAGCCCA-1,3/CA3
0.432508478562037,CTATGTCTATTGAAAC-1,"6/II,III,IV"
1.9102718234062195,CTATGTGAGTCACGGC-1,15/CA1-pyramidal layer of the hippocampus
0.04250613848368323,CTATTCATGTGTCCCA-1,5/MB
2.007621223727862,CTATTGTGTTTGGTCA-1,8/I
0.0,CTATTTGGTTACGGAT-1,9/cpd
1.0264537334442139,CTCAAACCACTGCCCG-1,5/MB
-0.6788618564605713,CTCAACTAACCCGGAT-1,2/HY
3.6576980153719583,CTCAAGACATTAGCGC-1,1/CTXsp
-0.6711977124214172,CTCACACGCAAGCCTA-1,8/I
-0.8754266798496246,CTCACATTTACTAAAT-1,5/MB
1.0094782710075378,CTCACCAGTACAAGTG-1,"6/II,III,IV"
-0.15574140846729279,CTCACTGTGATACTTA-1,5/MB
3.0012460152308145,CTCACTTGGCTGGTAA-1,10/CA1
-0.10492249329884851,CTCAGATTGTGATAAG-1,"4/V,VIa,VIb"
2.6103745500246682,CTCAGGACTCACCTGT-1,"6/II,III,IV"
2.8108424842357635,CTCAGTCACGACAAAT-1,1/CTXsp
3.5111881097157793,CTCATCACTTAGTGAT-1,1/CTXsp
3.256442268689473,CTCATGGCTCACAATC-1,11/PIR
-0.38799855609734857,CTCATGGTAATTTGCG-1,10/CA1
2.9458075761795044,CTCATTAACGTTGCCC-1,8/I
-0.9563947021961212,CTCATTCGTGAACATC-1,8/I
1.3874798963467279,CTCATTGCTCTAACAA-1,5/MB
2.640729233622551,CTCATTTGATGGGCGG-1,3/CA3
-0.9317903518676758,CTCCCAATGAGTCGCG-1,2/HY
-0.6711977124214172,CTCCCTCCTTTCGATC-1,12/RSP
0.9689146081606548,CTCCGCCCACATGAGG-1,10/CA1
1.334052324295044,CTCCGGCCTAATATGC-1,13/fxs
-1.0555132925510406,CTCCTAAGTTATGTCT-1,8/I
-0.5435957908630371,CTCCTCCAGCTCACAC-1,5/MB
-1.0160117745399475,CTCCTGTTCAAGGCAG-1,2/HY
1.031071921189626,CTCCTTTACGCAAGTC-1,1/CTXsp
3.6497356096903486,CTCGAGACATACGATA-1,"4/V,VIa,VIb"
4.476509054501852,CTCGAGGTCGAACAGT-1,3/CA3
3.3384355902671814,CTCGATATTTGCGAGC-1,1/CTXsp
-0.7623467221856117,CTCGCACCTATATAGT-1,3/CA3
0.41376801331837965,CTCGCATTGCATAGCC-1,12/RSP
-0.21340520183245343,CTCGCCGAATGTAGGG-1,5/MB
3.3444640437761946,CTCGGGATAACACCTA-1,1/CTXsp
0.0,CTCGGGTTCTCTGGCC-1,8/I
-1.1506545543670654,CTCGGTACCACTGCTC-1,0/HYL
0.6558262705802917,CTCGGTCCGTAGCCTG-1,"4/V,VIa,VIb"
-0.6711977124214172,CTCGGTTGTCGGCCCT-1,12/RSP
-0.8143143355846405,CTCGTCGAGGGCTCAT-1,12/RSP
4.405014097690582,CTCGTTTCTAATGTTT-1,1/CTXsp
0.43038052320480347,CTCTAATGCATTGATC-1,1/CTXsp
1.8203816612561545,CTCTACACTGGCGATT-1,15/CA1-pyramidal layer of the hippocampus
3.903488238652547,CTCTATTTGGCTGCAG-1,7/TH
-0.6711977124214172,CTCTCACAATCGATGA-1,9/cpd
-0.6711977124214172,CTCTCGCTGTACTATG-1,8/I
3.3852323691050215,CTCTCTAACTGCCTAG-1,12/RSP
0.4893168409665425,CTCTGCGAAGCAAGCA-1,"6/II,III,IV"
1.3297666907310486,CTCTGGACGCCTGGTG-1,0/HYL
0.843677262465159,CTCTGTTTGAGGATTC-1,11/PIR
0.0,CTCTTCTATTGACTGG-1,0/HYL
-0.8156852126121521,CTCTTCTGGAAGTTAG-1,5/MB
1.744091841081778,CTCTTGTCCCGCTTGG-1,5/MB
-1.1617988049983978,CTGAAAGAGATCCGAC-1,13/fxs
-0.4480361044406891,CTGAATCCGAGACCTC-1,7/TH
3.1823381384213763,CTGAATTTATTGCCAG-1,1/CTXsp
-0.688817398622632,CTGACATAGAAATAGA-1,2/HY
2.420958399772644,CTGACTGCGCAGCTCG-1,1/CTXsp
-0.47498825192451477,CTGAGAAAGTTCGGCG-1,2/HY
-0.419482558965683,CTGAGAGTAGAAATAC-1,2/HY
0.21982255578041077,CTGAGCAAGTAACAAG-1,"6/II,III,IV"
0.4888586004575093,CTGAGCGAGACTTATT-1,8/I
1.893808901309967,CTGATAGTGTATCTCA-1,"4/V,VIa,VIb"
-1.170432209968567,CTGCAAGCACGTTCCG-1,2/HY
2.3650185962518058,CTGCACAACTACATAT-1,7/TH
2.6617036958535514,CTGCACCTAGTCCACA-1,1/CTXsp
0.7533229986826577,CTGCACCTGGAACCGC-1,"4/V,VIa,VIb"
0.6816258430480957,CTGCACTCCAGTACAG-1,5/MB
-0.9865575730800629,CTGCAGAGAATCAGAG-1,2/HY
-2.5253866314888,CTGCCATGCATCACAT-1,9/cpd
1.0137880444526672,CTGCCCACGAAGCGTT-1,"6/II,III,IV"
0.0,CTGCCTAGCCACCAAG-1,8/I
3.2384116649627686,CTGCCTCATATGCAAC-1,8/I
-0.314737468957901,CTGCCTTTCTAGTAAA-1,2/HY
1.1080748637517295,CTGCGGGTGAAATGTT-1,13/fxs
0.10396575927734375,CTGCGGTAGTCACGTG-1,8/I
0.7075474262237549,CTGCGTTACGATATAA-1,1/CTXsp
-1.6306707859039307,CTGCTGAGGCCACGAA-1,8/I
-0.9518668055534363,CTGCTGTCTAACGAGC-1,8/I
0.8306774596373241,CTGCTTGGCGATAGCT-1,7/TH
0.7657329042752583,CTGCTTTATGTCCGCG-1,1/CTXsp
4.144981563091278,CTGGAAATGGATGCTT-1,3/CA3
-2.638440787792206,CTGGAAGACACGGTGG-1,0/HYL
0.8889123598734539,CTGGACGCAGTCCGGC-1,9/cpd
1.9796003500620523,CTGGATTTACACTTGA-1,7/TH
-0.30428699155648553,CTGGCATCCGAATGAG-1,10/CA1
1.3219141761461892,CTGGCGACATAAGTCC-1,11/PIR
0.0,CTGGCGCACAGGTCTG-1,9/cpd
0.5588794350624084,CTGGCGGGAATAAGTA-1,"6/II,III,IV"
-0.6711977124214172,CTGGCTGATTCATCCT-1,0/HYL
-0.7995654195547104,CTGGCTGGTTGTCAGT-1,5/MB
0.0,CTGGGATAAATAATGG-1,9/cpd
1.924766500790914,CTGGGATACGCTACCC-1,14/COA
4.798831661542257,CTGGGCCTGCTATATC-1,10/CA1
-2.6886635422706604,CTGGGTAGGCAGTTAA-1,0/HYL
-1.1436700820922852,CTGGGTTGAGTTAAAG-1,9/cpd
-0.4371581276257833,CTGGTAAAGTGTGGGC-1,2/HY
0.0,CTGGTAACACATAGAA-1,0/HYL
-0.6711977124214172,CTGGTAACGAGCTCTT-1,1/CTXsp
1.1862320701281228,CTGGTCATTCCAATCC-1,"6/II,III,IV"
-1.1342456340789795,CTGGTTTCGAGCAAGA-1,0/HYL
-1.0423568785190582,CTGTACTTCTTAGCAT-1,7/TH
-1.5794600248336792,CTGTAGCCATCTCACT-1,0/HYL
3.2920249501864114,CTGTATGGTGTAGAAA-1,"4/V,VIa,VIb"
-0.8907766789197922,CTGTGCAGGGTAGGTC-1,0/HYL
-0.6711977124214172,CTGTGGTCGGGAGATA-1,0/HYL
1.4739100287357967,CTGTTACCCAATCTAG-1,7/TH
1.6013557563225427,CTGTTCACTGCCTGTG-1,3/CA3
0.5693099300066631,CTGTTCATCTCACGGG-1,"4/V,VIa,VIb"
2.7986791531244912,CTTAAATAAGACCCAT-1,8/I
3.047925035158793,CTTAACTTCGAAGTAC-1,"6/II,III,IV"
3.2024776935577393,CTTAAGCAGCGAGCCG-1,"4/V,VIa,VIb"
-0.42068581034739816,CTTACACGGTATTCCA-1,3/CA3
2.3972475479046507,CTTACACTGGGAAATA-1,"4/V,VIa,VIb"
3.0049691398938494,CTTAGCCCGGATAGTG-1,"6/II,III,IV"
0.0,CTTAGCCTTCCACATG-1,16/VL
-0.6711977124214172,CTTAGGTATAGACCAG-1,8/I
-0.6711977124214172,CTTAGGTCCCAATCGT-1,8/I
-0.22338510553042096,CTTAGTAGGCCTACAG-1,1/CTXsp
-1.5437089204788208,CTTAGTGTAGTAGCAT-1,2/HY
-0.6711977124214172,CTTATAGATGGCTGTT-1,2/HY
0.23171863953272498,CTTATGCGCTCAGGGC-1,"4/V,VIa,VIb"
-1.0919965207576752,CTTATGTTGACTACCA-1,8/I
-1.149383306503296,CTTCAACTCCACTTGG-1,5/MB
0.4528920774658521,CTTCAGTGGTCGCCTA-1,9/cpd
0.8214856783548989,CTTCATAGCTCAAGAA-1,"4/V,VIa,VIb"
-1.2944368720054626,CTTCATTGTCAGTGGA-1,0/HYL
-0.936974048614502,CTTCCGCTCCGTGAAG-1,0/HYL
2.72432549794515,CTTCGGCCAATTGTTT-1,2/HY
-1.0069206058979034,CTTCGTAGATAGGTGA-1,7/TH
-0.7805439382791519,CTTCTATGTTGAAGTA-1,10/CA1
-1.4776197671890259,CTTCTATTAATGCTAG-1,0/HYL
1.8095752149820328,CTTCTTACGTCGTATA-1,11/PIR
3.633737881978353,CTTGACCCGAAAGATA-1,"6/II,III,IV"
0.0,CTTGAGTTAGGGTAAT-1,9/cpd
-0.26402964194615686,CTTGCAACCGCCTCCT-1,10/CA1
1.6035896241664886,CTTGCCCAGGCTCTAC-1,7/TH
-0.8262180089950562,CTTGGCCAAGCTGGGA-1,5/MB
1.1938858826955159,CTTGTACTTGTTGACT-1,13/fxs
2.4708478649457297,CTTGTCAACATTCGAG-1,7/TH
2.8769668340682983,CTTGTGAGTCTTTGAC-1,8/I
-1.4217499494552612,CTTGTGCTCACCGATT-1,1/CTXsp
0.0,CTTGTTGCTGAGTCAA-1,0/HYL
0.5630657076835632,CTTGTTTATGTAGCCA-1,"6/II,III,IV"
2.2971951762835188,CTTTAACTTTCAAAGG-1,3/CA3
-1.6337307691574097,CTTTAATATTGGTCGA-1,7/TH
-0.9189935326576233,CTTTACCGAATAGTAG-1,0/HYL
0.0,CTTTAGGAACACTGTT-1,9/cpd
-0.37272486090660095,CTTTAGTGCTATTATT-1,7/TH
0.23213142156600952,CTTTCTGTGCGGGCTT-1,5/MB
3.158756872018178,CTTTGACGTCGCTTCT-1,"6/II,III,IV"
0.4511622240146001,CTTTGCATCGCTCTTG-1,2/HY
0.24538769324620557,CTTTGGCGCTTTATAC-1,"4/V,VIa,VIb"
-0.6711977124214172,CTTTGGCTTTAGTAAA-1,3/CA3
-1.3931859731674194,CTTTGGGATTGTTGCA-1,0/HYL
0.12376473347345984,CTTTGTCGAATGCTCC-1,12/RSP
0.0,GAAACAGATGACCACC-1,9/cpd
0.8248187502225242,GAAACAGCCATGCAGT-1,11/PIR
2.815392017364502,GAAACATAGGAAACAG-1,12/RSP
3.039090156555176,GAAACCATGGTGCGCT-1,1/CTXsp
1.2455798139174779,GAAACCGAATTACCTT-1,7/TH
-0.2685505747795105,GAAACCTATACAAATG-1,5/MB
-0.7784237712621689,GAAACTCGTGCGATGC-1,13/fxs
2.870450178782145,GAAACTCTAATGAAGG-1,11/PIR
3.2454569935798645,GAAAGAACAGCGTTAT-1,1/CTXsp
-0.23985767364501953,GAAAGCAGTGCACTTT-1,5/MB
-0.6711977124214172,GAAAGCCCTTTGGACC-1,13/fxs
0.3234466711680094,GAAAGTGACTAACTGC-1,13/fxs
3.3393521904945374,GAAATACTAAACGTTT-1,"6/II,III,IV"
0.5290938417116802,GAAATATCACCATCAG-1,13/fxs
3.716943701108297,GAAATATGCTTGAATG-1,1/CTXsp
0.21574403842290235,GAAATCGCGCGCAACT-1,11/PIR
-0.871933251619339,GAAATGGCGGTGTTAG-1,3/CA3
2.445744514465332,GAAATTAGCACGGATA-1,1/CTXsp
0.8150278528531392,GAAATTCACATCGCTG-1,"4/V,VIa,VIb"
0.5735390037298203,GAAATTGTCTCTATAA-1,7/TH
0.03251712520917249,GAACACACATCAACCA-1,3/CA3
0.9941245391964912,GAACAGATTACTAAAT-1,5/MB
-1.6461999416351318,GAACCCTCTGTGTTCT-1,0/HYL
3.4416156212488813,GAACCTCGACCTACAC-1,"4/V,VIa,VIb"
-0.4310460090637207,GAACCTTTAACGATCC-1,5/MB
2.393128991127014,GAACGACCGAATGATA-1,13/fxs
3.2025318344434104,GAACGATAAGTTAAAG-1,1/CTXsp
-0.7259736657142639,GAACGCGGGTCACACG-1,2/HY
-1.0808888673782349,GAACGTCTCATGGTCG-1,16/VL
0.6808116634686787,GAACGTTAGGAAGACG-1,"4/V,VIa,VIb"
0.0,GAAGAAACGATATTGT-1,0/HYL
0.6730961203575134,GAAGAACGGTGCAGGT-1,"6/II,III,IV"
0.7078376213709513,GAAGCCTGCACATTCC-1,5/MB
-0.39406049748261773,GAAGCGTGAGGAATTT-1,0/HYL
-0.9805283844470978,GAAGCTCGGACCCGTC-1,9/cpd
4.948085347811381,GAAGCTTGCTGACCGC-1,15/CA1-pyramidal layer of the hippocampus
4.652764121691385,GAAGGCTACCATTGTT-1,1/CTXsp
-0.08497508366902673,GAAGTCAGTTGCACTA-1,5/MB
0.0,GAAGTCTCCCTAGCGA-1,9/cpd
0.13155688842137647,GAAGTGATTTATCGTG-1,7/TH
0.9109179774920144,GAAGTGCTGGATAGCT-1,11/PIR
0.3998108009497323,GAAGTTTCCACTCAAT-1,3/CA3
0.0,GAATAGACGCGACCCA-1,0/HYL
3.7621453205744424,GAATAGCCCTGCGGTC-1,1/CTXsp
0.0,GAATAGTGCTCGATTA-1,5/MB
-0.07169449329376221,GAATATTCGGAGTCCC-1,11/PIR
2.0517022808392844,GAATCGACATGGTCAC-1,15/CA1-pyramidal layer of the hippocampus
3.238609234491984,GAATCGCCGGACACGG-1,"6/II,III,IV"
-1.6695469617843628,GAATCTGAACATTCTC-1,7/TH
-0.1615333060423534,GAATGAAGGTCTTCAG-1,1/CTXsp
0.6012316346168518,GAATGCCGAAATGACC-1,"6/II,III,IV"
1.336795171101888,GAATGCGAATCGGTTC-1,5/MB
-0.21586806575457257,GAATGGGCTTATCGAC-1,"4/V,VIa,VIb"
0.7715346018473306,GAATGTATGGCAGGTC-1,1/CTXsp
-2.031033933162689,GAATGTGGTCCGGATT-1,0/HYL
3.4130208790302277,GAATGTTGGGTAATCT-1,3/CA3
-0.6711977124214172,GAATTATAGTGAAAGG-1,0/HYL
-0.0734611228108406,GAATTCACCCGGGTGT-1,7/TH
1.845071867108345,GAATTTCTCGCTGCAG-1,13/fxs
0.0,GACAAACATATGCAGG-1,9/cpd
0.0,GACAACGACCATTGAA-1,3/CA3
-1.0351256132125854,GACAACGCAGCTTACG-1,13/fxs
-1.0980103313922882,GACAAGAGATGAGATT-1,2/HY
-2.367710769176483,GACACAAGGGAAGAAA-1,3/CA3
0.9056829810142517,GACACGAGTTAGAGGA-1,"6/II,III,IV"
-1.9811680912971497,GACACTGAGTTCAGTG-1,7/TH
-0.6711977124214172,GACACTGGAACCCGAT-1,2/HY
0.6716858347256978,GACAGATTTCTGGCTC-1,"4/V,VIa,VIb"
0.0,GACAGCCAGACCTGAC-1,0/HYL
3.751719077428182,GACAGGCACACACTAT-1,15/CA1-pyramidal layer of the hippocampus
-0.1272327552239101,GACATCGATTTATAAC-1,0/HYL
-1.1894749999046326,GACCAAACGTTGACTG-1,2/HY
0.5063836574554443,GACCAGAGCCCTGTAG-1,3/CA3
-2.438482105731964,GACCCAATTATGATAC-1,9/cpd
2.2122637753685317,GACCCGTCGCCGGCTA-1,"6/II,III,IV"
2.872220426797867,GACCGACGTGAAAGCA-1,14/COA
-0.6711977124214172,GACCGACTGAAGCGTC-1,13/fxs
-2.0159289240837097,GACCGCGTCTGACGTG-1,2/HY
2.8156656225522356,GACCGTCAGGTCGTGA-1,11/PIR
0.127587338288625,GACCGTGCTGACGGTG-1,7/TH
2.8891469438870745,GACCGTTACATGCGAC-1,"4/V,VIa,VIb"
2.6965516805648804,GACGACGATCCGCGTT-1,5/MB
-0.6711977124214172,GACGAGGCTAATAAAC-1,2/HY
1.077785313129425,GACGCATACCCGTCGG-1,12/RSP
-0.7615706324577332,GACGCCGTAAAGGCTA-1,0/HYL
-0.4607097052037716,GACGCCTGTTGCAGGG-1,8/I
2.927381416161855,GACGCTTGCTTCTAAA-1,10/CA1
-0.2879980802536011,GACGGGTTGGCCCGTA-1,5/MB
3.1862403402725854,GACGGTCAATAGAAGC-1,1/CTXsp
0.2694955666859944,GACGTGTAGGGATTAT-1,3/CA3
-0.030378803610801697,GACGTTCGTAAATACA-1,1/CTXsp
0.9735980431238809,GACTAAGATCATGCAC-1,3/CA3
0.027451733748118046,GACTAAGTAGGCTCAC-1,3/CA3
0.32235805193583167,GACTACAAAGCGGTGG-1,10/CA1
2.8946888844172163,GACTCACCCACGTGAG-1,1/CTXsp
0.36664313077926636,GACTCCCAGAATAAGG-1,1/CTXsp
0.17058149973551429,GACTCCTTCCAATTGA-1,12/RSP
-0.7630514577031136,GACTCGCGGGAATGAC-1,1/CTXsp
-1.532829761505127,GACTGCAAATCGAGCT-1,5/MB
-1.5936203002929688,GACTGCACCAGCCCAG-1,0/HYL
3.0786314209302263,GACTGCGGCACGTGTA-1,"4/V,VIa,VIb"
0.9807363152503967,GAGAATCTCACGATCA-1,"6/II,III,IV"
2.8242430686950684,GAGACTGATGGGTAGA-1,3/CA3
1.2538592219352722,GAGACTTCGCGACCGA-1,5/MB
3.3478177785873413,GAGAGCGCAGTCCCTG-1,"6/II,III,IV"
1.1380172769228616,GAGAGGGCGCGAGGTT-1,3/CA3
1.875880979001522,GAGAGGTGCATTCTGG-1,10/CA1
1.1285822788874307,GAGATCTGCTTGGCAT-1,3/CA3
-0.7824638485908508,GAGATCTGTCACTCCG-1,3/CA3
-1.296791672706604,GAGATCTTCCATGACA-1,0/HYL
3.2143878241380057,GAGATGACAATCCTTA-1,1/CTXsp
0.15413561463356018,GAGATGGGAGTCGACA-1,5/MB
-0.9753913879394531,GAGCACCTGTGTCCAG-1,5/MB
4.049574851989746,GAGCATCATCCCTGGG-1,"6/II,III,IV"
1.0231133103370667,GAGCCACGGTAGTAGG-1,"6/II,III,IV"
0.0,GAGCCAGCTACCTGTG-1,0/HYL
-0.6711977124214172,GAGCCGAGCGTTTATT-1,8/I
0.8861343264579773,GAGCGAGGGAGTACCG-1,11/PIR
-0.9301676154136658,GAGCGCAAATACTCCG-1,2/HY
-0.26423534750938416,GAGCGCGCACGAGTAG-1,2/HY
-0.6711977124214172,GAGCGCTGTTAGGTAA-1,8/I
-0.9848863482475281,GAGCTAAGGGCATATC-1,3/CA3
3.070237954457601,GAGCTCTCGGACCTAA-1,"6/II,III,IV"
3.2924783627192182,GAGCTGTCGTCTCGGA-1,1/CTXsp
2.4444364557663603,GAGGAATGGAGAGGTT-1,13/fxs
2.9975169897079468,GAGGATAAACAGTGCT-1,14/COA
0.1774317820866902,GAGGCCCGACTCCGCA-1,12/RSP
-0.16706607739130663,GAGGCCTGTTGATACA-1,2/HY
0.7727923194567363,GAGGCTATCAAAGTCG-1,3/CA3
0.8237820863723755,GAGGGCATCGCGTATC-1,"6/II,III,IV"
2.9887576500574746,GAGGGCCATAATATTA-1,1/CTXsp
0.0,GAGGGTAGTAACAAAG-1,5/MB
3.015941083431244,GAGGTACATCCATCTT-1,"6/II,III,IV"
1.591049075126648,GAGGTCCCAAAGATCT-1,"6/II,III,IV"
0.0,GAGTAAACCGGAAAGT-1,2/HY
-0.8471930176019669,GAGTAAGGCCACGGGA-1,9/cpd
5.1159961223602295,GAGTACGGGTATACAA-1,"4/V,VIa,VIb"
-0.4530411958694458,GAGTAGATACTAGTTG-1,5/MB
1.6453481117884319,GAGTATCAAAGTTACA-1,2/HY
-1.1284554302692413,GAGTATGCCCGCCTTG-1,0/HYL
-0.6024664640426636,GAGTATGCGCGTGCAT-1,5/MB
-0.856360673904419,GAGTCAGACCAGAATC-1,0/HYL
1.7372304995854697,GAGTCCGCTTACCGGA-1,7/TH
4.133173704147339,GAGTCGACAGACCCTC-1,"6/II,III,IV"
0.5420789837837219,GAGTCTTGTAAAGGAC-1,"4/V,VIa,VIb"
0.4417293419440587,GAGTGCACGGACAACA-1,8/I
-0.2182295024394989,GAGTGTCAACCAGAAA-1,2/HY
-0.03204474598169327,GAGTGTGCGGTACCCA-1,0/HYL
-0.6711977124214172,GAGTTCTGTGGGTGCT-1,12/RSP
-0.2984095414479574,GAGTTGATGGCAATTT-1,10/CA1
1.8466963097453117,GATAAATCGGTGGATG-1,"4/V,VIa,VIb"
0.0,GATAACTCGCACTGTG-1,9/cpd
-1.8154132962226868,GATACGATGGGAGTCA-1,7/TH
0.9189556241035461,GATAGGTAACGTTGAC-1,7/TH
0.36999605099360156,GATATCAAGCAGGAGC-1,"4/V,VIa,VIb"
3.7108603517214456,GATATCTCATGCAATA-1,11/PIR
0.0,GATATGAGACACTAAC-1,0/HYL
0.5609946250915527,GATATGCGGTAGCCAA-1,11/PIR
-0.6711977124214172,GATATGGATTACGCGG-1,"4/V,VIa,VIb"
0.7777269979317982,GATATTGAGATTGGCG-1,1/CTXsp
0.4260290861129761,GATATTTCCTACATGG-1,1/CTXsp
4.539035399754843,GATCATTCCAAACATT-1,3/CA3
1.3844313820203147,GATCCCTTTATACTGC-1,3/CA3
-0.6711977124214172,GATCCGGGAATTAACA-1,0/HYL
2.246853669484456,GATCCTAAATCGGGAC-1,1/CTXsp
2.553966154654821,GATCCTCGACACTGGC-1,10/CA1
3.530299425125122,GATCGACACTATCTGA-1,3/CA3
2.9812699425965548,GATCGCGGGCTCTCCA-1,7/TH
-0.7403019592165947,GATCGCTACCCGATTT-1,2/HY
0.0,GATCGCTATATCTCAG-1,8/I
-0.6711977124214172,GATCGGATAGAACCAT-1,9/cpd
0.7278747260570526,GATCGGCGATAAGTCG-1,8/I
0.31982858975728345,GATCGGTGGCCATAAC-1,3/CA3
-0.6711977124214172,GATCGTGACTGATATC-1,0/HYL
2.8115678628285727,GATCTAACCGTATTCA-1,"4/V,VIa,VIb"
-1.6671376824378967,GATCTCGACGCTGTGG-1,2/HY
-0.4597954750061035,GATCTGCTATCTAAGG-1,5/MB
2.4298747181892395,GATCTTGGAGGGCATA-1,7/TH
4.0299934943517055,GATCTTTGCAGGGTAT-1,10/CA1
-0.6711977124214172,GATGACAAGTAGGGCA-1,5/MB
0.5345338384310403,GATGACGATGATCGCG-1,1/CTXsp
3.2345486680666604,GATGCCAGCAGAAGGC-1,"6/II,III,IV"
-0.8877613395452499,GATGCCTTCTGCGGCA-1,12/RSP
0.9053705334663391,GATGCGAATGGTATTA-1,"6/II,III,IV"
-0.8439292162656784,GATGCGTCCTGCATTC-1,7/TH
4.1771216591199245,GATGCTACAAGCGCCT-1,"4/V,VIa,VIb"
-1.3081542253494263,GATGCTGTATTTCATC-1,0/HYL
2.5454376935958862,GATGGCGCACACATTA-1,"4/V,VIa,VIb"
3.7009026209513345,GATGGTGCCCTAGGCA-1,1/CTXsp
-0.6711977124214172,GATGTAACGAACCACC-1,12/RSP
0.9791336754957836,GATGTCGGTCAACTGC-1,8/I
-0.1798148403565089,GATGTTCAATCCACGA-1,7/TH
3.030457099278768,GATGTTTGTGCGAGAT-1,"4/V,VIa,VIb"
0.6728055427471796,GATTAACCGAAAGCCC-1,2/HY
1.461417317390442,GATTACTGAATTTGGG-1,10/CA1
4.022291660308838,GATTCCCTTGTCGCAG-1,3/CA3
0.825783054033915,GATTCCGCGTTTCCGT-1,11/PIR
0.36082259813944506,GATTCCTATACGGCGC-1,"4/V,VIa,VIb"
0.0,GATTCGACGGTTCACG-1,0/HYL
-0.6711977124214172,GCAAACCCTACATTAT-1,0/HYL
-0.7285852544009686,GCAAACCTTGGCCATA-1,5/MB
0.0,GCAAACGTCGCCAGGT-1,8/I
0.5349013010660806,GCAAATATTACGCTTT-1,10/CA1
2.1573298821846643,GCAAATGAGGACACTT-1,"4/V,VIa,VIb"
1.4809038440386453,GCAACACACTAGAACT-1,15/CA1-pyramidal layer of the hippocampus
-0.5197958946228027,GCAACAGCAGTATGCG-1,9/cpd
3.0180564920107527,GCAACCACCAGACCGG-1,1/CTXsp
0.3606714606285095,GCAACCACGGCCGCGT-1,10/CA1
2.791223088900248,GCAACCCAAGTTGTTT-1,"6/II,III,IV"
4.52364339431127,GCAACGGCTAGTTATG-1,14/COA
2.0745601256688433,GCAAGAATTCCTTGGC-1,10/CA1
4.110515773296356,GCAAGCTGGAAACCGC-1,"4/V,VIa,VIb"
-0.19619789222876233,GCAAGTGCACAGAGAA-1,13/fxs
0.823983093102773,GCAATTAGTCGCACCG-1,1/CTXsp
1.3689449230829875,GCACAAACGAGGCGTG-1,8/I
-0.714072410017252,GCACAACCTCGGGCGT-1,12/RSP
3.089034080505371,GCACAAGTGTCGGAAG-1,"6/II,III,IV"
-0.7388419508934021,GCACACACTGGTAGCC-1,0/HYL
0.4056639472643535,GCACACGCCCATGGTC-1,"4/V,VIa,VIb"
-0.7578480020165443,GCACGCCTACTTAGAT-1,0/HYL
-1.0841863751411438,GCACGTGGTTTACTTA-1,2/HY
2.6634780863920846,GCACTAGTCGCGCTAT-1,"6/II,III,IV"
-1.1328599452972412,GCAGAAGGTAATCTCC-1,2/HY
3.0695887704690294,GCAGACCCAGCACGTA-1,1/CTXsp
0.0,GCAGATCCATAAGACT-1,0/HYL
3.1867684324582415,GCAGATCCTCGCAAAT-1,"6/II,III,IV"
0.8199734638134638,GCAGATTAGGGATATC-1,0/HYL
2.21016389131546,GCAGCACACAGCCCAG-1,3/CA3
4.207707246144612,GCAGCCTATATCACAT-1,14/COA
-0.6878175716847181,GCAGGAACTTAGATCT-1,9/cpd
-0.6767589864321053,GCAGGACTATAGAATA-1,10/CA1
-1.0546875596046448,GCAGGTAGAGTATGGT-1,11/PIR
-0.6711977124214172,GCAGTGCGGGCGGATG-1,2/HY
-0.41995322704315186,GCAGTGTGGCTATAGG-1,2/HY
0.39230146755774814,GCAGTTCGATCCGAGC-1,2/HY
0.2936039765675862,GCATACGAGGTCTTTA-1,13/fxs
-0.9775998294353485,GCATAGAGCACTCAGG-1,0/HYL
3.1208842595418296,GCATCCCTAACTTTGA-1,"4/V,VIa,VIb"
-1.5264737010002136,GCATCGGCCGTGTAGG-1,0/HYL
-1.598270297050476,GCATGAGGGACGCGGC-1,16/VL
1.1266546050707498,GCATGGGTACTGACGC-1,"4/V,VIa,VIb"
2.443494329849879,GCATTCAAGGCAACGC-1,1/CTXsp
-0.16557923952738451,GCATTCGAAATGAACA-1,"4/V,VIa,VIb"
1.9089452823003135,GCATTGACTTGCGGAA-1,"4/V,VIa,VIb"
0.1721205711364746,GCATTGTAATTCATAT-1,10/CA1
3.927582661310832,GCATTTCCAAGGCTCC-1,14/COA
2.795256187518438,GCCAACCATTTCCGGA-1,1/CTXsp
-0.6711977124214172,GCCAAGAATACTTCTG-1,9/cpd
0.19113130805393064,GCCAATAGGGCATCTC-1,1/CTXsp
-1.941235601902008,GCCACAATTTAAGGAC-1,0/HYL
1.5549170449376106,GCCACTCAGAGCGCGA-1,2/HY
1.8508856296539307,GCCACTCCTTACGGTA-1,2/HY
-0.12928448120752978,GCCAGGAGTAACCGAT-1,1/CTXsp
0.4649163087209065,GCCATATTGCACACAG-1,1/CTXsp
0.18449218074480692,GCCATCGAGCTGCGTG-1,0/HYL
-0.09825384616851807,GCCATCGATGCTGCAT-1,1/CTXsp
-0.6711977124214172,GCCATTAGCCTCAAAC-1,"4/V,VIa,VIb"
1.1880581180254617,GCCCACCAAGGCTGTC-1,"6/II,III,IV"
-0.00201965868473053,GCCCAGATGCTGGAGA-1,8/I
-1.0937943160533905,GCCCAGTTGGTATGCC-1,"4/V,VIa,VIb"
-0.6711977124214172,GCCCGACTTCTTCCCG-1,10/CA1
0.6068021059036255,GCCCGAGAGTCTAAAT-1,12/RSP
-0.025692949692408318,GCCCGATCTGTGGTCG-1,5/MB
-0.1574772149324417,GCCCGCGCGTAAACGG-1,0/HYL
0.8401200175285339,GCCCGCGCGTTTGACA-1,"4/V,VIa,VIb"
-1.1587388217449188,GCCCGTAATACCTTCT-1,3/CA3
1.9975976819793382,GCCCTAGCCGTCGCGA-1,9/cpd
3.8568764527638755,GCCGAAATTCCTACGT-1,3/CA3
2.2802894910176597,GCCGATTGGCCAAGCT-1,0/HYL
-0.19217463334401452,GCCGCATTAGTCCGGC-1,13/fxs
2.8622306982676187,GCCGCTTGTGAGAAAC-1,10/CA1
0.39936141173044837,GCCGGGTTAGGGTCGC-1,0/HYL
3.43479851881663,GCCGTGGAAGAAATGT-1,14/COA
1.4536775151888528,GCCTAGCGATCTGACC-1,"4/V,VIa,VIb"
-2.2245898842811584,GCCTATCAGGTAAGAT-1,2/HY
4.834057370821634,GCCTATGCTGGGCCTT-1,1/CTXsp
0.7861305673917134,GCCTATTCCGATATAG-1,"4/V,VIa,VIb"
-0.6711977124214172,GCCTATTTGCTACACA-1,8/I
0.0,GCCTCATCTGGAAATA-1,9/cpd
-0.06350113948186242,GCCTCCGACAATTCAC-1,2/HY
-0.25560418019692105,GCCTCTATACATAGCA-1,5/MB
3.371798775391653,GCCTTCAGCCCTACCG-1,"4/V,VIa,VIb"
-0.35910413041710854,GCCTTTGTCAGTGGAC-1,12/RSP
-0.9555585980415344,GCGAAACGATCGGGAG-1,0/HYL
-2.114465296268463,GCGAAACTTAACTGGA-1,0/HYL
0.8175862431526184,GCGAAGCCATACCCGT-1,3/CA3
2.8250676194826765,GCGACATGTAAACATC-1,14/COA
0.0,GCGACCCAACCATCTG-1,0/HYL
1.110351244608561,GCGACGATAGTTGTAC-1,7/TH
3.1613082488377886,GCGAGAGGCCATGTAA-1,1/CTXsp
1.0698340137799582,GCGAGAGTTGCGTCCA-1,1/CTXsp
5.189069132010141,GCGAGCGCATGCTCCC-1,14/COA
-0.002717450261116028,GCGAGGCCCGAGCAGA-1,7/TH
1.0611437757809956,GCGAGTTCTGCAAAGA-1,0/HYL
-0.7541913986206055,GCGATTCTGGAAGCAG-1,"6/II,III,IV"
0.3967338899771372,GCGATTGTTAACGTTA-1,0/HYL
-0.6711977124214172,GCGCAAATATATTCAA-1,8/I
1.4772329597423473,GCGCAAGAGCGCGCTG-1,1/CTXsp
-0.6711977124214172,GCGCATCCAGTCAGCA-1,1/CTXsp
1.0505589644114175,GCGCCGTTCCACGATA-1,7/TH
1.6359369258085887,GCGCCTCCCACTCCGA-1,2/HY
-0.7001339793205261,GCGCGTCATTGGTACA-1,2/HY
-0.2609928846359253,GCGCTAATTGAATAGA-1,0/HYL
-1.4350953102111816,GCGCTATGCCGAGGCA-1,7/TH
2.990158865849177,GCGCTGATCCAGACTC-1,1/CTXsp
-0.8845406770706177,GCGCTGCTTTGCATTT-1,1/CTXsp
-0.3883352279663086,GCGCTTAAATAATTGG-1,2/HY
-0.6053270697593689,GCGGACCGCGTTGTGG-1,0/HYL
-0.6711977124214172,GCGGAGAAACTTCGCA-1,0/HYL
-0.347613662481308,GCGGAGAGGGAGAACG-1,0/HYL
-0.6711977124214172,GCGGCAAAGTATTGCC-1,8/I
2.7984437942504883,GCGGCTCTGACGTACC-1,10/CA1
-0.9976394772529602,GCGGGAACCAGGCCCT-1,"4/V,VIa,VIb"
0.8302945097287497,GCGGGCATTACGATGC-1,1/CTXsp
-0.5520278811454773,GCGGGCGAGCCTTACC-1,0/HYL
-0.04325928092002873,GCGGTCCCGGTGAAGG-1,8/I
0.7092037002245584,GCGGTCCCTAGACGCA-1,"4/V,VIa,VIb"
0.45813431342442823,GCGGTGAACTGCGCTC-1,11/PIR
3.2912335594495135,GCGGTTCCCTATCATG-1,7/TH
-0.3142968124399583,GCGTAAATGGCCATAA-1,1/CTXsp
-0.4424646496772766,GCGTCCCTAAGACATA-1,5/MB
4.023547212282817,GCGTCGAAATGTCGGT-1,11/PIR
-1.0154116749763489,GCGTCGCCAGGGTGAT-1,5/MB
-1.8253416419029236,GCGTCTAACCTCCTAA-1,8/I
-0.9323254823684692,GCGTCTCTGCATTGGG-1,3/CA3
-2.2191648483276367,GCGTGGTACTGGGTTA-1,16/VL
-0.6711977124214172,GCGTTATATTTGGAAC-1,"4/V,VIa,VIb"
0.20235423247019446,GCGTTCGGAGACCGGG-1,1/CTXsp
-0.6711977124214172,GCGTTCTGACTAAGCG-1,2/HY
0.45599095026652026,GCTAAACCTGAGGTGA-1,"4/V,VIa,VIb"
-0.24885807931423187,GCTAACTGAAGTCTGA-1,2/HY
2.817074477672577,GCTAAGTAAAGGCGAT-1,"6/II,III,IV"
0.0,GCTAAGTAGTTTCTCT-1,9/cpd
-1.7415819764137268,GCTAATACCGAATGCC-1,13/fxs
-0.0952003076672554,GCTACAATCGAGGATA-1,2/HY
-0.6711977124214172,GCTACAGTACGGACCG-1,9/cpd
-0.2305534953872363,GCTACGACTTATTGGG-1,7/TH
0.0,GCTACTATAGTAGAGT-1,2/HY
-1.6496168971061707,GCTAGACCGTCTACTG-1,8/I
-2.9905250668525696,GCTAGAGTAGAGATGT-1,0/HYL
4.961994568506876,GCTAGCAGGGAGTGGG-1,1/CTXsp
0.0,GCTAGCTTGAATAGCT-1,0/HYL
-0.6711977124214172,GCTAGGCACCACGGAG-1,0/HYL
-2.0179057717323303,GCTAGTAGAGCTTGTA-1,0/HYL
0.3495406707127888,GCTAGTTTCATTGAGG-1,"4/V,VIa,VIb"
0.0,GCTATACGTCTCGGAC-1,0/HYL
0.0,GCTATCATACTCATGG-1,0/HYL
3.752223253250122,GCTATCGCGGCGCAAC-1,"6/II,III,IV"
0.7700822552045186,GCTATGCCAGCTTATG-1,"4/V,VIa,VIb"
-0.9270273447036743,GCTCAATCCGTTTATT-1,0/HYL
-0.8385299444198608,GCTCAATGTAATACCG-1,5/MB
2.7503453095753985,GCTCATTACTGCATGT-1,1/CTXsp
-0.6711977124214172,GCTCCATGAGTGCAGA-1,2/HY
2.3061951796213784,GCTCCCAGTCGGTCCA-1,14/COA
4.590433577696482,GCTCCGCTCGCTTCAG-1,14/COA
0.0,GCTCCTGACATACTGG-1,0/HYL
3.011777838071187,GCTCGCGGTTCCGCTC-1,"6/II,III,IV"
-3.2826815247535706,GCTCGCTCATGTCCAA-1,9/cpd
3.3799038648605344,GCTCGGAATTTAAAGC-1,1/CTXsp
3.5966681887706122,GCTCTAAACCCTGACG-1,3/CA3
4.225517292817434,GCTCTATGTTACGTGC-1,15/CA1-pyramidal layer of the hippocampus
4.204790274302164,GCTCTCGGGTACCGAA-1,3/CA3
-1.3154813051223755,GCTCTTTCCGCTAGTG-1,5/MB
-0.2622769673665365,GCTGAATCTTCCAATC-1,12/RSP
0.25958174715439475,GCTGAGGCGTGAGTAT-1,0/HYL
-0.5452785491943359,GCTGCACGGTTTCTTA-1,0/HYL
0.44027555982271827,GCTGCTAAGTAGTCGA-1,5/MB
0.7529694736003876,GCTGCTACTGCGTAGC-1,7/TH
0.18614772955576575,GCTGCTCTCCGGACAC-1,3/CA3
-0.017088457942008972,GCTGGACCCAAAGTGG-1,8/I
4.0102538863817845,GCTGGCATATTCACCT-1,15/CA1-pyramidal layer of the hippocampus
2.419503927230835,GCTGGCGGCGCATGCT-1,5/MB
-0.36994070311387384,GCTGGTTTAGGCCATA-1,12/RSP
-3.382575809955597,GCTGTATTACTGGCCC-1,9/cpd
0.0,GCTGTTGCTACCGAAC-1,9/cpd
-1.78569495677948,GCTTAATGTAACTAAC-1,0/HYL
0.7542900840441384,GCTTACGTAGTTAGTA-1,14/COA
-1.910931944847107,GCTTATGAAGCAGGAA-1,9/cpd
-0.8840601444244385,GCTTCCGTCCCTAGAC-1,3/CA3
-0.6711977124214172,GCTTGATGATAATCAG-1,"4/V,VIa,VIb"
4.233421941598257,GCTTGCAGCACAATTG-1,1/CTXsp
1.509670376777649,GCTTGGATCGATTAGG-1,1/CTXsp
0.0,GCTTTCAGAGGAGGTG-1,16/VL
0.21601684888203931,GGAAACCTTGTTGAAT-1,1/CTXsp
-0.20464780429999035,GGAAACTAAATGGGCC-1,2/HY
0.9104281067848206,GGAAAGTGCCCATGCC-1,11/PIR
-0.2638995349407196,GGAACCCGAACAAGAA-1,8/I
0.0,GGAACCGTGTAAATTG-1,0/HYL
3.1883637110392256,GGAACCTTGACTCTGC-1,12/RSP
0.8336469531059265,GGAACGGCCTGCAGCC-1,"6/II,III,IV"
-1.4231172800064087,GGAACTTTGGCGATTA-1,2/HY
0.5952406525611877,GGAAGCTCGCTTACAG-1,1/CTXsp
0.0,GGAATGCGCTAGCGTG-1,9/cpd
-0.6711977124214172,GGACAAGCCATGATCG-1,12/RSP
3.009539206822713,GGACAAGTTGCAGTGA-1,"6/II,III,IV"
-1.6504604816436768,GGACACAAGTTTACAC-1,2/HY
1.3775688956181207,GGACCAACAGGATAAC-1,7/TH
3.514368732770284,GGACCTACGGTAACGT-1,1/CTXsp
0.0,GGACCTCTAGGCCGCC-1,0/HYL
2.8620047569274902,GGACTAAGTCAGGAGT-1,"6/II,III,IV"
-0.9926493763923645,GGACTCACAAATTAGG-1,8/I
0.18695330619812012,GGACTCGAAGCTTTCA-1,2/HY
0.14791448414325714,GGACTCGTGAGTGGTC-1,5/MB
-1.5096269845962524,GGACTCTTCCGGTTGA-1,2/HY
0.8607135613759358,GGAGAAGTCATTGGCA-1,13/fxs
0.16383877396583557,GGAGACCAATGTGCTT-1,1/CTXsp
2.6336963971455893,GGAGACCATCTACATA-1,9/cpd
1.4172031978766124,GGAGACGACACCTTTG-1,7/TH
-0.9817821383476257,GGAGCAACATTTCAAG-1,2/HY
-1.5324747562408447,GGAGCACCAAGAACTA-1,16/VL
2.9331140518188477,GGAGGCCGAAGTCGTC-1,14/COA
0.0,GGAGGGCTTGGTTGGC-1,9/cpd
-2.067767560482025,GGAGGGTCAAGTAAGA-1,2/HY
-0.7452738061547279,GGAGTGCCGCCCTGGA-1,13/fxs
3.1405027508735657,GGATACTCATGAATTG-1,"6/II,III,IV"
3.923102283477783,GGATCAGAGCCATCAG-1,"6/II,III,IV"
3.150169014930725,GGATCATCCCGTACGC-1,1/CTXsp
0.0,GGATCCGGAATATACT-1,9/cpd
-0.2429033716519674,GGATCTTGACTCAACC-1,9/cpd
0.0,GGATGAAGATCGCTGA-1,0/HYL
2.47550759712855,GGATGACGCGAGTTTA-1,3/CA3
1.0258006850878398,GGATGCTGGCGTTCCT-1,15/CA1-pyramidal layer of the hippocampus
-1.8123500347137451,GGATGTCCTTACCGCA-1,16/VL
0.505878746509552,GGATTCAGTACGGTGG-1,"4/V,VIa,VIb"
-0.6911225505173206,GGATTCCGCTATACCC-1,1/CTXsp
-0.38422781229019165,GGATTGCTGTGACTCC-1,2/HY
0.0,GGATTTCACTTCTATA-1,9/cpd
-1.1113756895065308,GGCAAAGGCGCCAATA-1,0/HYL
0.17215180397033691,GGCAAATTACTTTACT-1,7/TH
-0.6711977124214172,GGCAAGCCAGGGATAG-1,8/I
-1.5433809757232666,GGCAAGGCGAAATAGC-1,7/TH
-0.6711977124214172,GGCAATAGTCAATGAG-1,3/CA3
-1.5131913423538208,GGCACTCAGCCGACCC-1,2/HY
0.7077100872993469,GGCACTCCACTGGGCA-1,3/CA3
0.325269063313802,GGCAGAGAGATCGGGA-1,"6/II,III,IV"
-0.029380281766255623,GGCAGCAAACCTATGC-1,2/HY
2.8250756363073988,GGCAGCGGTAATCCTA-1,1/CTXsp
-0.9056337177753448,GGCATACAGGTAGCGG-1,3/CA3
0.45231535037358594,GGCATATCGGTTCTGC-1,11/PIR
3.4607475300629935,GGCCCGGAGCATGTCT-1,1/CTXsp
3.3515705664952598,GGCCCGTATACCATGC-1,1/CTXsp
0.9698425730069478,GGCCCTCACCCACTTA-1,15/CA1-pyramidal layer of the hippocampus
-1.6726555824279785,GGCCGTTTGGGTTTCA-1,0/HYL
-0.9110762178897858,GGCCTGCTTCTCCCGA-1,2/HY
0.9947615067164102,GGCCTTTGCAACTGGC-1,"4/V,VIa,VIb"
0.0,GGCGAAATCTAACTTG-1,0/HYL
-0.8830994516611099,GGCGAGCGAAACGGCA-1,9/cpd
0.5244758923848469,GGCGCAGGACATCTTC-1,10/CA1
2.0016636103391647,GGCGCATGAATTGATG-1,7/TH
-0.043860141187906265,GGCGCGGAGATCTTTC-1,2/HY
-0.7446692511439323,GGCGCGTTCGAGTTTA-1,7/TH
0.9216308474540711,GGCGCTCCTCATCAAT-1,"6/II,III,IV"
2.864780882994334,GGCGGAGTAATATTAG-1,3/CA3
-0.6711977124214172,GGCGGTAGGATCATTG-1,3/CA3
-0.450562447309494,GGCGTAGGGAAAGCTG-1,2/HY
0.8201732834180195,GGCGTCCTATCCGCTG-1,3/CA3
-0.010620663563410515,GGCTAAAGGGCGGGTC-1,1/CTXsp
-0.6711977124214172,GGCTACTATACACTCC-1,0/HYL
-1.4359796047210693,GGCTATTAAGTTGTAT-1,3/CA3
-0.7083011865615845,GGCTCCTCCACCTGTT-1,5/MB
0.0,GGCTCGCGTTGAGGTA-1,16/VL
-0.9146018922328949,GGCTCGTGCCACCAGC-1,"4/V,VIa,VIb"
-2.1884483695030212,GGCTCTGCTCCAACGC-1,3/CA3
-1.0983629524707794,GGCTGAAATAGCAAAG-1,0/HYL
-0.6711977124214172,GGCTGGCTAGCTTAAA-1,8/I
1.3706468529999256,GGCTTTCAATAAGGGT-1,5/MB
1.0065221389134726,GGGAACGGGAGGTTAG-1,3/CA3
-1.5253876447677612,GGGAAGACGGTCTGTC-1,5/MB
0.7280935446421306,GGGAAGGGCTTTCTCA-1,2/HY
0.32478785514831543,GGGAATGAGCCCTCAC-1,1/CTXsp
3.6642162998517356,GGGAATTCTGTCCAGT-1,"6/II,III,IV"
0.6246394117673237,GGGACAGAGTTACTCC-1,12/RSP
-0.43706977367401123,GGGACCCGTATATCTT-1,5/MB
2.497172753016154,GGGACTGCATAGATAG-1,3/CA3
-1.490240454673767,GGGAGAACTCACAGTA-1,0/HYL
3.4514792561531067,GGGAGGATGCCCGAAA-1,7/TH
0.6951947609583535,GGGAGTAATGGCTGGC-1,"6/II,III,IV"
0.0,GGGAGTTAATGAGGCG-1,9/cpd
0.1387358705202738,GGGATCCCAATACAAA-1,1/CTXsp
-0.3913174246748289,GGGATGGTCGTAACCG-1,7/TH
0.0,GGGATTTACCGCACCT-1,0/HYL
1.643103082974752,GGGCAACCGCACGTGC-1,9/cpd
3.4593300819396973,GGGCACGAATTGGCCG-1,8/I
-0.6711977124214172,GGGCACTATTGACCAT-1,12/RSP
0.3825558821360271,GGGCAGACGTCACTGC-1,"4/V,VIa,VIb"
-1.874760091304779,GGGCAGAGCAATCGTT-1,0/HYL
2.607200046380361,GGGCCCGTCTTAAACA-1,7/TH
-0.7584778517484665,GGGCCCTACGAAAGGG-1,13/fxs
4.444141765435536,GGGCCCTTATCTATAC-1,"6/II,III,IV"
0.0,GGGCCGGCCGAAGTAC-1,9/cpd
0.7531970540682476,GGGCCTAAATGGGCTA-1,"4/V,VIa,VIb"
3.325609544912974,GGGCGATATGTGTGAA-1,3/CA3
4.431517124176025,GGGCGCAGCGTTACTC-1,1/CTXsp
-2.1637919545173645,GGGCGGCAAATGAATT-1,0/HYL
0.9692133069038391,GGGCGGGTTCCCTACG-1,10/CA1
2.778056263923645,GGGCGGTCCTATTGTC-1,"6/II,III,IV"
3.5760375459988913,GGGCGTACATTTATAT-1,3/CA3
-1.4834028482437134,GGGCGTCACCACGTAA-1,7/TH
0.6072278221448262,GGGCGTCCACTGGCTC-1,11/PIR
0.17757936318715406,GGGCGTGGTTTCCCAG-1,5/MB
-0.08227730790774035,GGGCTACTATTTCGTG-1,"4/V,VIa,VIb"
-0.6561113595962524,GGGCTATGATCGATGG-1,0/HYL
-0.6770114183425904,GGGCTCATCGAACCCA-1,16/VL
-0.6711977124214172,GGGCTGCCTAGGGCGA-1,0/HYL
2.022909459968408,GGGCTGGTTAGTCGCG-1,3/CA3
2.2613067229588824,GGGTACCCACGGTCCT-1,"6/II,III,IV"
0.2511193503936132,GGGTACTTCATGAACT-1,10/CA1
0.3830314973990121,GGGTATGTATGCACTT-1,13/fxs
-1.9064971804618835,GGGTATTCTAGCAAAC-1,9/cpd
3.337483366330465,GGGTCACCGTGACGGT-1,3/CA3
2.0013059775034585,GGGTCAGGAGCTAGAT-1,5/MB
0.5983850856622062,GGGTCATGCGTACCAT-1,"6/II,III,IV"
3.005049705505371,GGGTCGTGGCAAGTGT-1,1/CTXsp
-1.4321177005767822,GGGTCTATCGCTTTCC-1,2/HY
2.9089543173710504,GGGTGACACCTTAACT-1,7/TH
0.5100909670193989,GGGTGCATATGAAAGC-1,1/CTXsp
0.8997876048088074,GGGTGTTTCAGCTATG-1,11/PIR
-0.4038870632648468,GGGTTAACATTTGAGT-1,0/HYL
0.8592689633369446,GGGTTCAGACGAACAA-1,"6/II,III,IV"
-0.051976703107357025,GGGTTTAGGATAGGAT-1,14/COA
2.993304749329885,GGTAAATGTGCGTTAC-1,1/CTXsp
-0.6711977124214172,GGTAACCGGGAGGATA-1,12/RSP
2.5678706367810564,GGTAACTATGTATCTG-1,"6/II,III,IV"
3.5145545105139413,GGTACAAACATGCTAT-1,7/TH
3.6779837807019553,GGTACACCAGATTTAT-1,1/CTXsp
-0.7000981662422419,GGTACATCTGGGACGA-1,13/fxs
3.0265898009141288,GGTACCATTAAGACGG-1,1/CTXsp
-3.0316483974456787,GGTACTAAGTGCTTTG-1,8/I
-0.11638262122869492,GGTAGAAGACCGCCTG-1,5/MB
-0.380298912525177,GGTAGACCGTTGGGCG-1,0/HYL
-1.7643786668777466,GGTAGTGCTCGCACCA-1,0/HYL
0.49992760022481275,GGTATAGTGACACATA-1,14/COA
4.196323235829671,GGTATGAAAGAACTGA-1,"6/II,III,IV"
0.12042620778083801,GGTATTGCCGAGTTTA-1,3/CA3
-2.415892779827118,GGTCAAGACTACTTCG-1,2/HY
3.136736224095027,GGTCAGTGGGTCCCAC-1,7/TH
3.327037960290909,GGTCGGATAAACGGCG-1,1/CTXsp
0.0,GGTCGGCCAGGAGCTT-1,9/cpd
3.708394666512807,GGTCGGTAATTAGACA-1,"6/II,III,IV"
-2.091869592666626,GGTCGGTCGTCCACAG-1,0/HYL
2.8513040145238238,GGTCGTAAGCTCGCAC-1,12/RSP
-1.1640211343765259,GGTCTCCGTCCAGGTT-1,2/HY
-0.9270010590553284,GGTCTCTGAATGGACT-1,0/HYL
0.0,GGTCTGAGAATCTGGA-1,3/CA3
0.0,GGTCTTGAGCGCTCTT-1,5/MB
-0.0055597623189290735,GGTGAAGTACAGGGAT-1,0/HYL
-1.933081865310669,GGTGACTGATAGAGAG-1,2/HY
-0.20800931255022687,GGTGAGATGCAGATAA-1,"4/V,VIa,VIb"
-2.024799883365631,GGTGATAAGGAGCAGT-1,0/HYL
0.6972137928009032,GGTGATGAAGGAAGTG-1,"6/II,III,IV"
-0.7906260117888451,GGTGATTTCATCTTGT-1,8/I
-0.176724116007487,GGTGCGGATAAGTGGC-1,"4/V,VIa,VIb"
0.5393112699190776,GGTGCTGATCACAAAG-1,"4/V,VIa,VIb"
0.07310644785563147,GGTGCTGGTACACATT-1,7/TH
-1.534256100654602,GGTGGACTGCTCTGGC-1,0/HYL
3.0220360159873962,GGTTACCACCCTCGGG-1,10/CA1
-0.823218047618866,GGTTACCCGACACTTT-1,8/I
-0.5745288729667664,GGTTAGCTATATGTCT-1,0/HYL
1.8634745478630066,GGTTAGGCTTGGAGAA-1,15/CA1-pyramidal layer of the hippocampus
1.797125538190206,GGTTAGTTACGGCGCC-1,"4/V,VIa,VIb"
0.2764998277028401,GGTTCGGATTATACTA-1,"4/V,VIa,VIb"
0.5831650396188102,GGTTCTACTCGTCTGA-1,1/CTXsp
4.045737822850546,GGTTGTGCTCTTGTCC-1,"6/II,III,IV"
0.7160378495852153,GGTTGTGTAGCCTGGC-1,"4/V,VIa,VIb"
1.1243506073951721,GGTTTAATTGAGCAGG-1,1/CTXsp
-1.3259839415550232,GGTTTACAATCTCAAT-1,3/CA3
-0.7316041588783264,GGTTTAGCCTTTCTTG-1,0/HYL
4.731702546278635,GGTTTGAGTGCTGGAA-1,"6/II,III,IV"
0.857891321182251,GGTTTGTGACCTGAGG-1,2/HY
-0.924124538898468,GTAACATCTAAGATAA-1,2/HY
3.2734460830688477,GTAACTTGCGGCAGTC-1,"6/II,III,IV"
3.174041976531347,GTAAGCGGGCAGTCAG-1,3/CA3
2.498557925224304,GTAAGGATTTGTCGGA-1,"6/II,III,IV"
0.0,GTAAGTAACAGTCTGG-1,0/HYL
-0.7001021336764097,GTAAGTAGGGTATACC-1,13/fxs
0.6239378253618875,GTAATAAAGGGCTCCC-1,1/CTXsp
0.0,GTAATCTGATTCTTCG-1,0/HYL
0.4953712572654088,GTACACTTACCTGAAG-1,0/HYL
0.0,GTACAGAGGCAAGGGT-1,9/cpd
0.07871674001216888,GTACGAGATTGCGACA-1,13/fxs
-0.8980328589677811,GTACGCTTCATTGCAC-1,7/TH
-2.917260229587555,GTACGTTTGCCCGTCA-1,7/TH
0.6761398514111836,GTACTAAGATTTGGAG-1,3/CA3
-0.6711977124214172,GTACTCCCTTATCGCT-1,10/CA1
3.482359210650126,GTACTCCTGGGTATGC-1,1/CTXsp
-0.20282207926114404,GTACTGAGGTCGTAAC-1,"6/II,III,IV"
3.824739823738734,GTACTGCATGAAGCGT-1,"6/II,III,IV"
0.0,GTACTGGAGTTAGACC-1,9/cpd
2.8767358859380083,GTACTTGGGCACTTCT-1,"6/II,III,IV"
2.337816794713338,GTAGAAACGGGTGGAG-1,"6/II,III,IV"
-0.6711977124214172,GTAGACAACCGATGAA-1,8/I
-0.492608269987007,GTAGACACGCCTGACT-1,5/MB
0.15795090794563293,GTAGACGTCGTTACAT-1,"6/II,III,IV"
2.1364412854115167,GTAGAGGGAGACAAGT-1,10/CA1
2.0871293544769287,GTAGCCAAACATGGGA-1,7/TH
-0.6711977124214172,GTAGCGGCTATACACT-1,0/HYL
2.2046175996462503,GTAGCTCCGGGAGGCT-1,5/MB
-2.355708360671997,GTAGCTTCCTCTTGTT-1,16/VL
3.311005711555481,GTAGGTGATCCGTGTA-1,11/PIR
0.27105395744244254,GTAGTCGCGGGAATCA-1,0/HYL
-0.32067638635635376,GTAGTCTACGATATTG-1,5/MB
0.4042167762915292,GTAGTTCGAAGGCGAA-1,5/MB
-0.860858291387558,GTATAGGACTCAGTAG-1,13/fxs
-0.9079062342643738,GTATCAAACGTTAGCT-1,0/HYL
0.7865101496378579,GTATCAGCTTGGGTTC-1,"4/V,VIa,VIb"
-0.12353373318910599,GTATCCTTTGGTAACC-1,2/HY
0.909106155236562,GTATCTCAGTCTTGAC-1,12/RSP
0.3006907204786936,GTATCTTTCATAACCA-1,7/TH
0.48869905869166064,GTATGAAATTTCACTC-1,12/RSP
0.0,GTATGTGGGTCTAGTT-1,9/cpd
4.1466219027837115,GTATTAAGGCGTCTAA-1,"6/II,III,IV"
-1.9062352776527405,GTATTCTGAGAAACGA-1,0/HYL
1.8240900337696075,GTATTTAATGGCATAA-1,2/HY
-1.0368727147579193,GTCAAAGAAGTGGTGT-1,12/RSP
-0.7463073581457138,GTCAAAGTTTACATAG-1,"6/II,III,IV"
-0.6986391544342041,GTCAAGCGGACTCGGG-1,0/HYL
1.6164390047391257,GTCAATGCTATAATTT-1,1/CTXsp
1.0797525445620217,GTCACAAAGTTTCCAA-1,"6/II,III,IV"
0.5239118337631226,GTCACTCTCCAAATCT-1,"4/V,VIa,VIb"
1.6773139039675393,GTCAGAATAGTCTATG-1,15/CA1-pyramidal layer of the hippocampus
2.4839112192392347,GTCAGTTGTGCTCGTT-1,8/I
1.0473366777102153,GTCAGTTTGGTAGTCG-1,"4/V,VIa,VIb"
2.7529664834340415,GTCATGCACCTCCGTT-1,3/CA3
-1.7838494181632996,GTCATGCGCGAGGGCT-1,2/HY
3.327629958589872,GTCATGGACATGACTA-1,3/CA3
-0.48346800108750665,GTCATTAGAGCGAACG-1,0/HYL
0.7715257207552593,GTCATTGCATTGACCC-1,"4/V,VIa,VIb"
-0.7044397592544556,GTCCACGTCGCATTCG-1,2/HY
2.823337415854136,GTCCATTACTGCTACG-1,14/COA
0.0,GTCCCAACGTAAAGTA-1,9/cpd
3.4111815094947815,GTCCCAATCATCCCGC-1,"6/II,III,IV"
0.0,GTCCCGCGACGTTATG-1,2/HY
0.6116845409075418,GTCCGAGAGCAATCAT-1,"6/II,III,IV"
-0.6711977124214172,GTCCGGACCTGAAATT-1,0/HYL
-0.2723562146226565,GTCCGGCTGAATTGCG-1,3/CA3
-0.06411099433898926,GTCCTACAGGCGGCTC-1,8/I
0.0,GTCCTACGAATAGTCT-1,0/HYL
-0.17400764425595605,GTCCTACTCTACGGGC-1,"4/V,VIa,VIb"
0.8635236620903015,GTCCTATTGTTGTGGT-1,"6/II,III,IV"
0.14040786027908325,GTCCTTCTAGTGGGTT-1,11/PIR
1.945551335811615,GTCGATAGGTGACTTT-1,2/HY
-1.306230902671814,GTCGCCGTTGTGTGTT-1,0/HYL
-1.2918257117271423,GTCGCGTAACCCGTTG-1,0/HYL
0.3736300468444824,GTCGGATATCTCAGAC-1,3/CA3
3.0925969878832498,GTCGGATGTAGCGCGC-1,11/PIR
0.8145154913266499,GTCGGGAACATGGTAG-1,"6/II,III,IV"
-1.7035474181175232,GTCGGGAAGCAGAAAC-1,0/HYL
-0.9504914581775665,GTCGTACCATCTCGGG-1,7/TH
0.23281349738438917,GTCGTACCTACGATTG-1,"4/V,VIa,VIb"
0.26226272185643507,GTCGTATTGGCGTACA-1,1/CTXsp
0.5403763850529988,GTCGTCAATTATAAGG-1,"6/II,III,IV"
1.2374336918195088,GTCGTCTGGTTGGCTA-1,1/CTXsp
1.7550103068351746,GTCGTGTCTGGTCATC-1,8/I
-1.478690505027771,GTCGTTATTCGCTTAT-1,0/HYL
0.7041968107223511,GTCTACTCAATTACAA-1,"4/V,VIa,VIb"
-0.7172504290938377,GTCTATCTGAGTTTCT-1,9/cpd
-0.6738269587513059,GTCTATTGGTTCCGGT-1,0/HYL
1.018683483203252,GTCTCAAGGCCCGGCT-1,5/MB
2.4905815844734507,GTCTCCTGCCAGTATG-1,12/RSP
0.2900131642818451,GTCTCGACTAAGTTTG-1,1/CTXsp
-0.6711977124214172,GTCTCGATCTGCTTTC-1,13/fxs
-0.6711977124214172,GTCTGGGCGGTCGAGA-1,7/TH
1.0921997825304666,GTCTTAGTACAGCCGG-1,1/CTXsp
-0.8506358712911606,GTCTTCCTCACCTAAG-1,8/I
0.983640412489573,GTCTTGAGGAGCAGTG-1,14/COA
-0.057111725211143494,GTCTTGTAGCTATTCA-1,8/I
0.7863081134855747,GTGAAACGGCGCCACC-1,1/CTXsp
0.28512449065844214,GTGAAACGTGCTCCAC-1,"6/II,III,IV"
3.4766454696655273,GTGAACTCCCATTCGA-1,1/CTXsp
3.1526127457618713,GTGAAGATTTCAAGTG-1,1/CTXsp
3.597313453753789,GTGAAGCCGTATAGTC-1,1/CTXsp
0.77549813191096,GTGAAGTCACGACTCG-1,"4/V,VIa,VIb"
-0.4456942677497864,GTGACAGCTTCCCACT-1,5/MB
0.0,GTGACCGCACACTACG-1,9/cpd
3.6791014671325684,GTGACCTAAAGAATAA-1,1/CTXsp
0.3573031624158223,GTGACGAGGGTGACCC-1,1/CTXsp
0.05126965045928955,GTGACTTCAGTAGTGC-1,7/TH
1.399365802605947,GTGAGCGTGCTGCACT-1,15/CA1-pyramidal layer of the hippocampus
-1.2911889553070068,GTGAGGACACTTAAGG-1,0/HYL
0.46839970350265503,GTGAGGAGCGGTTGAG-1,1/CTXsp
1.7216642896334329,GTGAGTCTAAGACGGA-1,"6/II,III,IV"
-0.8714184612035751,GTGAGTGGTACAACGC-1,5/MB
-0.49521487951278687,GTGATCACTAACGCCT-1,0/HYL
2.5204593737920122,GTGATCATAGATCTGC-1,7/TH
-0.4041593372821808,GTGATCCTTGTCATGA-1,2/HY
1.6137483939528465,GTGATGCACAACATCT-1,8/I
-2.8447068333625793,GTGATTCGCCGCTCAA-1,0/HYL
2.2351825137933097,GTGCAACAAATGTGGC-1,11/PIR
0.13621315360069275,GTGCACGAAAGTGACT-1,11/PIR
0.0,GTGCAGCGTAGAGTAG-1,8/I
2.767327348391215,GTGCCATCACACGGTG-1,10/CA1
0.0,GTGCCCGTTCGGATTC-1,9/cpd
2.556301023811102,GTGCCGCTTCAAAGGT-1,7/TH
2.531643470128377,GTGCCTCAGTGTACGG-1,8/I
-0.9274121522903442,GTGCGAAATCGAACAC-1,7/TH
-0.6860867226496339,GTGCGACAGGGAGTGT-1,1/CTXsp
-0.6711977124214172,GTGCGGGTCTCCAAAT-1,13/fxs
-1.080825924873352,GTGCGTGTATATGAGC-1,0/HYL
2.0551850497722626,GTGCTCAAGTACTGTC-1,3/CA3
3.203026493390401,GTGCTGCAGATAAGGA-1,"4/V,VIa,VIb"
-2.648491144180298,GTGCTTACATCAGCGC-1,8/I
-1.2591325044631958,GTGGAACCTACATGCG-1,11/PIR
2.3933949818213778,GTGGACCAACCCGATT-1,10/CA1
-1.351397156715393,GTGGACGCATTTGTCC-1,5/MB
-0.09241905063390732,GTGGACGTGCTGAGAC-1,"4/V,VIa,VIb"
2.6137459079424543,GTGGAGCGTTTACCGA-1,12/RSP
-0.7557026147842407,GTGGAGTCGGCGGTTG-1,0/HYL
0.7955371340115864,GTGGCAAACAGCGGCA-1,12/RSP
3.3004059314727785,GTGGCCTAATATCATT-1,"6/II,III,IV"
0.9703867236773174,GTGGCGGTCCCAGCGT-1,15/CA1-pyramidal layer of the hippocampus
2.7914302945137024,GTGGGAAGACTGAATC-1,10/CA1
0.30969212452570594,GTGGGCTTAGACACAC-1,3/CA3
0.3368565241495767,GTGGGTACTGAGCGTA-1,"4/V,VIa,VIb"
-0.9453807473182678,GTGGTATAGTCTGCCG-1,0/HYL
0.0,GTGGTGATGGTTTGTG-1,2/HY
0.3767560521761577,GTGGTGGCCAAGTGAA-1,0/HYL
3.2956994771957397,GTGGTTACTTCTTTCG-1,1/CTXsp
1.0408685008684793,GTGGTTTCCGCCTTTC-1,10/CA1
-0.6711977124214172,GTGTACCTTGGCTACG-1,3/CA3
0.34306557973225904,GTGTATATCAGCGGGC-1,5/MB
-0.8791249543428421,GTGTCGTATAGCGTTC-1,5/MB
0.0,GTGTGAATAACTTAGG-1,9/cpd
-1.412184238433838,GTGTTACTATGCGTCC-1,0/HYL
-2.1928866505622864,GTTAAAGTAGGACTGG-1,0/HYL
-0.033504585425059075,GTTAACATCACTTAAA-1,5/MB
4.372567472979426,GTTAACTATGTTGTCA-1,14/COA
-0.6711977124214172,GTTAAGGGTGCGATGT-1,5/MB
0.7991225520769754,GTTAAGTTAGAGTGGG-1,14/COA
0.3356234629948933,GTTAATGTCTATCTTA-1,"4/V,VIa,VIb"
-0.7342211753129959,GTTACAATTGGTGACG-1,10/CA1
1.858763540784518,GTTACCTACAACTTGC-1,7/TH
1.0503509839375815,GTTACTTTGGGCCTAG-1,7/TH
-0.1361845682064693,GTTAGCCGTAAATCAA-1,1/CTXsp
-1.9711560606956482,GTTAGGCTACCCGTTT-1,9/cpd
0.1497995456059773,GTTATAATACGGTGAA-1,2/HY
0.3604777057965596,GTTATATCAGGAGCCA-1,1/CTXsp
-1.2393919229507446,GTTATATTATCTCCCT-1,7/TH
1.1724010507265725,GTTATTAACGTGGGAG-1,"6/II,III,IV"
3.6855125427246094,GTTCACAGGAGTCTAG-1,3/CA3
2.7613323628902435,GTTCATCGTTTGGCTG-1,1/CTXsp
3.354316135247548,GTTCCAGTCTGACCAT-1,"4/V,VIa,VIb"
0.0,GTTCCCGTAAACATAT-1,2/HY
4.64506238202254,GTTCGCCATAAGTGCC-1,7/TH
-0.8353508412837982,GTTCGCTGAGACGTCT-1,2/HY
0.5281858146190643,GTTCGGAGCACTCAAC-1,2/HY
2.2424127236008644,GTTCGGATCGGGAACA-1,8/I
2.759220987558365,GTTCGGGCGTACCATT-1,1/CTXsp
0.0,GTTCGTCTAAAGAACT-1,0/HYL
3.968070387840271,GTTCGTCTGGGTCCCT-1,1/CTXsp
1.0146093964576721,GTTCTTCCCTCGATGT-1,11/PIR
0.47165302435557055,GTTGAACCGGTTCCAT-1,0/HYL
-0.05400370806455612,GTTGAGTCCCGCCGGT-1,0/HYL
4.031952550013861,GTTGCACGGAGTTTCG-1,3/CA3
0.0,GTTGCAGTCGACAACA-1,2/HY
4.267380431294441,GTTGCGGACGGTCAGG-1,2/HY
3.529846707979838,GTTGGACCGCATCAGG-1,1/CTXsp
-0.6932655293494463,GTTGGATTCAGTGGCT-1,1/CTXsp
0.0,GTTGGATTGAGAACAC-1,16/VL
-1.367483139038086,GTTGGATTTGCGTTGG-1,7/TH
0.639686902364095,GTTGGTCATGCTATCC-1,5/MB
0.7900657653808594,GTTGTCGTGTTAGTTG-1,"4/V,VIa,VIb"
-0.33284541964530945,GTTGTTGCAAGATGGC-1,2/HY
2.5568509101867676,GTTTACGTTCCATCTG-1,7/TH
-0.6711977124214172,GTTTCAAACGAGTTGT-1,2/HY
1.4741977850596109,GTTTCATATCGTCGCT-1,10/CA1
4.675690293312073,GTTTCCTGGAGGGTGA-1,3/CA3
-0.9432893991470337,GTTTCTGCAGTCTCCC-1,0/HYL
3.758157034715017,GTTTGACCAAATCCTA-1,3/CA3
-1.2387056350708008,GTTTGGCCCAAGTTAT-1,0/HYL
1.6322638591130576,GTTTGGCCGCTCAGCG-1,"6/II,III,IV"
1.911475737889608,GTTTGGGCTTGTGAGC-1,7/TH
-0.49257346987724304,GTTTGGGTTTCGCCCG-1,2/HY
0.19394364953041077,GTTTGGTAGGGTCAAC-1,5/MB
3.5972868005434675,GTTTGTTAGCCAAGTA-1,"4/V,VIa,VIb"
-0.4899260997772217,TAAACCCAGGAGGGCA-1,0/HYL
0.8767345547676086,TAAAGACAACCCTTTA-1,8/I
2.3237896660963693,TAAAGAGCCCGAAACC-1,"6/II,III,IV"
-2.0123660564422607,TAAAGCGGTATTTCCA-1,2/HY
0.2261384129524231,TAAAGCTGCAATAGGG-1,1/CTXsp
-0.754037156701088,TAAATCTTTACACCTC-1,1/CTXsp
3.040908396244049,TAAATGAATCCGTTTC-1,"4/V,VIa,VIb"
-1.9330198764801025,TAAATGGGCTACTGAG-1,2/HY
0.35928102334340406,TAACAAAGGGAGAAGC-1,"4/V,VIa,VIb"
-0.05923553307851159,TAACAATATTTGTTGC-1,"4/V,VIa,VIb"
-0.6711977124214172,TAACATACAATGTGGG-1,0/HYL
-0.6711977124214172,TAACATACACGCGATC-1,12/RSP
-0.6711977124214172,TAACCGCCCGCAGTGC-1,"6/II,III,IV"
-0.7731146812438965,TAACCTACCGTCCGAG-1,1/CTXsp
0.8567894299825032,TAACCTAGGGAGTCCA-1,2/HY
3.3635823329289756,TAACGCTTTGAGAGCG-1,13/fxs
2.255312144756317,TAACTATCGAAGGTCC-1,13/fxs
2.6762757301330566,TAACTATTACGCCAAA-1,1/CTXsp
2.82700898249944,TAACTCATCCGCGCGG-1,7/TH
0.5566868782043457,TAACTCCATGGAGGCT-1,"4/V,VIa,VIb"
-0.2794336875279745,TAAGCAGGCGACACGC-1,13/fxs
0.8648764292399087,TAAGGAACTTGTGGGA-1,"4/V,VIa,VIb"
2.298807253440221,TAAGGCAACATAAGAT-1,3/CA3
-1.0024456977844238,TAAGGCATAACATCAA-1,5/MB
-0.38335245847702026,TAAGGCCCGTCACCCT-1,5/MB
0.0,TAAGGCTGAATCCCTC-1,0/HYL
-1.9399848580360413,TAAGGGCCTGTCCGAT-1,0/HYL
0.6471038858095806,TAAGGGCTGGGAGAGG-1,13/fxs
2.4806292057037354,TAAGTAACATCTTGAC-1,7/TH
-1.348427951335907,TAAGTCGCCGAGTATC-1,0/HYL
-0.9703307449817657,TAAGTTGCGACGTAGG-1,0/HYL
0.7065470814704895,TAATAAACAAGGAGAT-1,1/CTXsp
-0.6751531958580017,TAATAGAACAGAGTTA-1,0/HYL
4.468480149904886,TAATAGCTAAATGATG-1,1/CTXsp
-0.27000478406747186,TAATAGGTCACCAGAA-1,12/RSP
0.0,TAATAGTGACGACCAG-1,9/cpd
0.19304201006889343,TAATATTGAAATTCGC-1,"4/V,VIa,VIb"
1.2571821361780167,TAATCGATCCGTACGT-1,1/CTXsp
0.5435409744580586,TAATGAAAGACCCTTG-1,"4/V,VIa,VIb"
-0.719157338142395,TAATTACGTCAGTAGA-1,2/HY
-1.3098994493484497,TAATTAGATGGATATG-1,8/I
5.062131265799204,TAATTAGGACATCCGT-1,14/COA
4.411678910255432,TAATTGGAATCGGGAA-1,1/CTXsp
3.2469815214474993,TAATTTCCGTCCAGTA-1,"6/II,III,IV"
-0.9436682462692261,TACAACGCACAACTCA-1,7/TH
0.8137074708938599,TACAAGTCTCGTGCAT-1,13/fxs
3.1963884234428406,TACACCGTCGTTAGTC-1,1/CTXsp
0.0,TACAGAAACGGTGGGC-1,2/HY
-1.9576920866966248,TACATAGGCATACACC-1,0/HYL
1.7606980601946511,TACATCCCTATCCCTG-1,10/CA1
1.404180427392324,TACATGCCGGAATTGT-1,2/HY
1.365220824877421,TACATTTCTAACGTGC-1,7/TH
1.1925429105758667,TACCAAATAGCCCAGA-1,5/MB
-1.036118984222412,TACCAATAAAGTACCA-1,0/HYL
-0.6711977124214172,TACCAGAAGTAGGTTC-1,0/HYL
3.0175283153851824,TACCAGCTAGGTTTAA-1,"6/II,III,IV"
-1.785768747329712,TACCCTCGGTAACCCT-1,2/HY
-0.8605141043663025,TACCGGCTCACTGCCC-1,7/TH
1.012904147307078,TACCGGTCGTTTCCAT-1,10/CA1
-1.9181895852088928,TACCGTAGGTTAACTA-1,5/MB
0.23263464371363318,TACCGTGCCTCGGACC-1,7/TH
0.387891948223114,TACCTACTCCCAGTAT-1,5/MB
0.3468902905782063,TACCTATCCCTAGAGG-1,"6/II,III,IV"
0.8819591005643208,TACCTCACGCTTGTAC-1,11/PIR
-0.4398966431617737,TACCTCAGTTGTCTGT-1,5/MB
-0.30577382942040765,TACCTGCTGCACTGTG-1,"4/V,VIa,VIb"
2.6603620648384094,TACCTTAAGATTTCCC-1,10/CA1
0.6257779598236084,TACGAACACGACTTCA-1,3/CA3
-2.802038252353668,TACGACGCTTGCTGCG-1,7/TH
-0.20021182298660278,TACGACTGCCTCTTAG-1,7/TH
3.1252932747205096,TACGAGAACTTCACGT-1,10/CA1
2.2149959181745844,TACGATGTTGATCATC-1,3/CA3
-1.4129008054733276,TACGCAGTTCTTTCCT-1,7/TH
-1.814185917377472,TACGCCATATTCTAAT-1,7/TH
-0.6711977124214172,TACGCCGAGGGTACCC-1,0/HYL
-0.16844827930132555,TACGCCTCCATTCCGA-1,5/MB
2.223959227403005,TACGCTATAGAAACCT-1,1/CTXsp
-1.0205283463001251,TACGCTCGGTATTGGA-1,2/HY
1.38144617776076,TACGGCATGGACGCTA-1,2/HY
2.6069986422856646,TACGGGATGCTAGCAG-1,1/CTXsp
-1.4890040755271912,TACGTAAAGCGGAGTG-1,2/HY
-0.1347743421792984,TACGTACTAGTGCTGA-1,5/MB
3.973040719827016,TACGTGCACTATGCTG-1,"4/V,VIa,VIb"
2.9798916478951774,TACGTTTACCGGCAAT-1,10/CA1
-0.6293268799781799,TACTATGGTTCCTCAG-1,0/HYL
1.170479675134023,TACTCCTCTAGTTGAC-1,5/MB
-0.7176417298614979,TACTCGGCACGCCGGG-1,13/fxs
-1.719861090183258,TACTCTCCGAACAAAT-1,16/VL
-0.016123692194620842,TACTCTTACTTTACTG-1,2/HY
-0.7141211032867432,TACTCTTTCGTCTTCA-1,0/HYL
-0.7217313647270203,TACTGAACAGATTTAG-1,0/HYL
-0.6711977124214172,TACTGAGGGAAGAAAG-1,12/RSP
5.662132461865744,TACTGCAATCAATTAC-1,1/CTXsp
1.4820200403531394,TACTGGACAGCTCGGC-1,15/CA1-pyramidal layer of the hippocampus
0.0,TACTTGTTAGTAGTCC-1,9/cpd
-0.22351749539375304,TACTTTACTGAGCCGG-1,1/CTXsp
1.7108860611915588,TACTTTCCGCACGCCA-1,15/CA1-pyramidal layer of the hippocampus
0.0,TAGAAAGGTGGCGCTA-1,9/cpd
1.849719524383545,TAGAAATTCACGTATA-1,"4/V,VIa,VIb"
1.221828858057658,TAGAATAGCCGATGAA-1,2/HY
0.06929725408554077,TAGAATTAAGGGCAAC-1,1/CTXsp
-0.4290781021118164,TAGACGAAACGCCAAT-1,5/MB
2.337617740035057,TAGACTACCTAGCGTT-1,1/CTXsp
0.5806902050971985,TAGAGATCATGCAACT-1,10/CA1
2.9119874835014343,TAGAGCTACGAAGAAC-1,11/PIR
-1.0730285942554474,TAGAGGTTCTACTTGT-1,0/HYL
4.37934751311938,TAGAGTCTAAGCGAAC-1,3/CA3
1.2879620393117268,TAGATATGGACTGGAA-1,7/TH
-0.7138408049941063,TAGATCCGAAGTCGCA-1,"6/II,III,IV"
1.1468195219834647,TAGATGGTTCCTTACT-1,2/HY
0.49876391887664795,TAGATTCCTGGTTATT-1,13/fxs
3.222971200942993,TAGCAACCTGTCACAA-1,"4/V,VIa,VIb"
0.0,TAGCCATTTCAAAGTC-1,0/HYL
0.0,TAGCCGGCGGTCAGCG-1,9/cpd
-1.4837019443511963,TAGCGTCCCTCGATTG-1,8/I
-0.25258609652519226,TAGCGTCCGGTGTGGT-1,5/MB
0.2648302515347798,TAGCGTCGAATATTGA-1,"6/II,III,IV"
-0.23012583454449975,TAGCGTTGGGTCTTAC-1,0/HYL
4.467126727104187,TAGCTAAGTCCGGGAG-1,3/CA3
2.1755084296067557,TAGCTAGAAGGCATGA-1,0/HYL
-0.6803135275840759,TAGCTAGTGATGATGG-1,5/MB
0.07221142947673798,TAGCTCGCCTGATAAC-1,7/TH
0.9145987232526143,TAGCTGATGTGAAGCG-1,"4/V,VIa,VIb"
0.7836333513259888,TAGGCATGTTACGCCA-1,1/CTXsp
-0.31395444770654046,TAGGCGATGAGGTCTC-1,"4/V,VIa,VIb"
-1.4518483877182007,TAGGGAGCTTGGGATG-1,16/VL
0.048345228036244636,TAGGGTGTTTCAAGAG-1,3/CA3
-1.291369915008545,TAGGTCCAAGTAAGGA-1,13/fxs
-1.1096293330192566,TAGGTCGCCGGAACTG-1,1/CTXsp
0.7633230884869895,TAGGTGACGATAACCT-1,5/MB
1.279190997282664,TAGGTGAGCCCTACTC-1,15/CA1-pyramidal layer of the hippocampus
0.0,TAGGTGCTCGCCTAGC-1,9/cpd
0.7263344724973044,TAGGTGTTCCACAGAT-1,5/MB
-0.6711977124214172,TAGGTTCGAGTTCGTC-1,0/HYL
-2.6517990231513977,TAGTACCACAACTTTC-1,8/I
1.1368345618247986,TAGTACCTTAGTGGTC-1,"6/II,III,IV"
0.7217747370402019,TAGTAGCTTATACCAG-1,5/MB
1.4541759888331094,TAGTCCGCAGAGAATG-1,7/TH
-0.8951019048690796,TAGTCGATCACGGGTT-1,2/HY
4.006268739700317,TAGTCTAACAACGAGA-1,10/CA1
0.9374801715215049,TAGTCTGTGACGTTGC-1,1/CTXsp
-0.8686510771512985,TAGTCTTTCCGAATTG-1,2/HY
3.278648267189662,TAGTGCCCTCCAGAGT-1,3/CA3
0.7248605688412983,TAGTGTCAGAAACGGC-1,"6/II,III,IV"
0.8259526888529458,TAGTTAAGATAGGATA-1,11/PIR
1.130696634451548,TAGTTTATTCTTGCTT-1,11/PIR
-0.7078155651688576,TATAAATCCACAAGCT-1,"4/V,VIa,VIb"
1.485990583896637,TATAAGTGAGGATAGC-1,"4/V,VIa,VIb"
-0.3117742737134298,TATACACAGACGCCTT-1,7/TH
2.0616179878513017,TATACACGCAAAGTAT-1,"4/V,VIa,VIb"
0.0,TATACCGAGTGCCACA-1,2/HY
1.0203822354475658,TATACGCGTCATCACT-1,5/MB
0.7548344333966572,TATACTCATGCGGCAA-1,"6/II,III,IV"
0.0,TATAGAGTCGCTTGAA-1,5/MB
0.07638563464085257,TATAGATGGTCGCAGT-1,1/CTXsp
0.3273601333300272,TATAGCGCACGTTATC-1,"4/V,VIa,VIb"
0.4288022915522258,TATAGGGTACTCATGA-1,13/fxs
0.0,TATATATCGAGAAATG-1,8/I
0.9060714443524678,TATATCATTGATCAGT-1,"6/II,III,IV"
-0.9565747082233429,TATATCCCTGGGAGGA-1,2/HY
6.025769352912903,TATATTACAAATGTCG-1,1/CTXsp
-1.1818225979804993,TATATTCGCGTCGATA-1,8/I
0.5873722831408184,TATCAAAGGTCTGTAA-1,"6/II,III,IV"
4.337447146574656,TATCACCCAACCGACC-1,1/CTXsp
3.3370256423950195,TATCACTTCGAGTAAC-1,1/CTXsp
0.3608506520589192,TATCAGTGGCGTAGTC-1,"4/V,VIa,VIb"
0.0,TATCCAATTGGTTATC-1,0/HYL
0.5576812028884888,TATCCATATCATGCGA-1,"4/V,VIa,VIb"
2.3846052090326944,TATCCATCTCGGTTAG-1,12/RSP
-1.0640461444854736,TATCCGCACCGTCGGG-1,5/MB
0.20523862044016516,TATCCTGCATGGGAAT-1,11/PIR
3.0303028722604113,TATCGATCTATGCATA-1,1/CTXsp
0.22230048974355054,TATCGATGATTAAACG-1,3/CA3
1.19393290579319,TATCTACAGAGGTAAT-1,13/fxs
-0.9378622174263,TATCTACCACAGCGGG-1,7/TH
0.90949942668279,TATCTAGCCTAAAGGA-1,"4/V,VIa,VIb"
0.7838416695594788,TATCTGAGCCGATATT-1,12/RSP
-1.1178803741931915,TATCTTGCAATACAAC-1,"4/V,VIa,VIb"
0.08170912663141883,TATGAAGACAGGTGCG-1,"4/V,VIa,VIb"
2.9669474562009173,TATGACCTTGCGCTGG-1,"4/V,VIa,VIb"
0.1055300235748291,TATGATCCGGCACGCC-1,1/CTXsp
-0.9737265706062317,TATGATCTTCTCTTTA-1,2/HY
5.470471302668253,TATGCTCCCTACTTAC-1,3/CA3
1.3845574657122293,TATGGATGTGCTACGC-1,3/CA3
1.2207402189572651,TATGGCCCGGCCTCGC-1,15/CA1-pyramidal layer of the hippocampus
4.622255325317383,TATGGCTAGGCTAATT-1,1/CTXsp
-2.3492888808250427,TATGGGACCGAGCAGG-1,0/HYL
2.804128368695577,TATGGGTACGTATCGT-1,3/CA3
-0.19409112135569256,TATGGTCTGAGTAACA-1,0/HYL
2.533299962679545,TATGGTTAGTGGGAGA-1,14/COA
-0.3739216526349386,TATGTAGAAACCCGGC-1,12/RSP
2.2994179725646973,TATGTCAAGACCGACT-1,11/PIR
0.0,TATGTCTCATTGTGCC-1,9/cpd
-0.8708486109972,TATTAACACCAAAGCA-1,"4/V,VIa,VIb"
-0.9892213940620422,TATTAACCTGACCGCG-1,0/HYL
-1.2566275000572205,TATTACCATCCTGCTT-1,9/cpd
2.450893347462018,TATTATGTTTGCCTGC-1,12/RSP
-1.8623631000518799,TATTCAATTCTAATCC-1,9/cpd
1.3403499325116477,TATTCCACTCAGCTCG-1,7/TH
-0.6711977124214172,TATTCCGAGCTGTTAT-1,0/HYL
5.894210855166117,TATTCCTCCGCCCACT-1,10/CA1
0.19891717036565137,TATTCGTGCCAGAATA-1,0/HYL
4.7338811953862505,TATTGACATTTCTGCC-1,1/CTXsp
3.0162322918574014,TATTTAGTCTAGATCG-1,11/PIR
0.1802292764186859,TATTTATACCGAGTAG-1,11/PIR
0.8814749717712402,TATTTGATTTGCACAG-1,2/HY
2.412345419327418,TATTTGTTACCCTTTA-1,3/CA3
5.478956143061319,TCAAACAACCGCGTCG-1,3/CA3
-0.6711977124214172,TCAAACTTAGATTGTT-1,3/CA3
-1.2002618312835693,TCAAAGAGCTATCTGT-1,"4/V,VIa,VIb"
-1.289872646331787,TCAAATTTGAGACTCA-1,5/MB
-0.7516918331384659,TCAACAAAGATAATTC-1,12/RSP
2.49390451113383,TCAACACATTGGGTAA-1,"6/II,III,IV"
-2.937751591205597,TCAACATAGCGCCCTA-1,5/MB
3.7367104689280195,TCAACATCGACCGAGA-1,15/CA1-pyramidal layer of the hippocampus
1.1173155109087625,TCAACCATGTTCGGGC-1,3/CA3
2.3270545850197473,TCAACGAGGAGACAAA-1,7/TH
0.9776358207066855,TCAACGCAGGAAATAA-1,10/CA1
2.479546596606572,TCAACGCGACCGGCAG-1,10/CA1
0.519098977247874,TCAACTAACGTATAAC-1,13/fxs
-1.3683961629867554,TCAACTGCAGAGTCAG-1,2/HY
4.202797293663025,TCAAGAAATACTAGCT-1,14/COA
1.3871312538782756,TCAAGCGCGGACGGTA-1,2/HY
0.676257348060608,TCAAGCTGCCTTGAAA-1,1/CTXsp
1.929862598578135,TCAAGGTTACTACACC-1,0/HYL
0.9822210470835366,TCAATACAATTGCTGC-1,"6/II,III,IV"
-2.041922867298126,TCAATACGCCGTCATG-1,5/MB
-1.6371642351150513,TCACAAACCGAGGTAC-1,2/HY
0.249233325322469,TCACAGCAAACTCGAA-1,0/HYL
0.0,TCACAGGAGAATAAGA-1,0/HYL
-0.6649238467216492,TCACAGGGAATCGCAA-1,0/HYL
0.217860609292984,TCACAGGTTATTGGGC-1,3/CA3
-0.6711977124214172,TCACATCTTATCTGAT-1,"4/V,VIa,VIb"
-1.0590409636497498,TCACCCTCTTAAGATT-1,7/TH
3.090081885457039,TCACGATGTCCGTGGA-1,10/CA1
0.5573115746180215,TCACGCATTGTAGATC-1,3/CA3
-1.4621773958206177,TCACGGTCATCGCACA-1,13/fxs
-0.9563738703727722,TCACGTGCCCGATTCA-1,0/HYL
0.8290490508079529,TCACTACGACCAATGC-1,1/CTXsp
3.210284491380056,TCACTCGTGCAACGGC-1,1/CTXsp
1.0432776411374411,TCAGAACCTCCACAGG-1,1/CTXsp
4.019957512617111,TCAGACGCTATAGAAG-1,7/TH
0.0,TCAGAGTGTGAGCATG-1,2/HY
-1.7408152222633362,TCAGCAAATGCATCTC-1,9/cpd
-0.2647590935230255,TCAGCAGTAGGCCCTG-1,5/MB
2.4138202521329126,TCAGCCAATCCGTAAA-1,2/HY
-0.6711977124214172,TCAGCTTGAGCTTTCG-1,12/RSP
3.077140947182973,TCAGGGCGCAAACTCG-1,"6/II,III,IV"
-1.407959222793579,TCAGGGTGTAACGTAA-1,3/CA3
-0.5022067919683953,TCAGGTTCTTTGAGAA-1,3/CA3
-0.6711977124214172,TCAGTACTGACCCGCG-1,13/fxs
-1.6926763653755188,TCAGTAGGGACTATAA-1,7/TH
0.0,TCAGTGTATACGTCAT-1,5/MB
-1.3998921513557434,TCATAAGTCCAAGAAG-1,2/HY
0.695027768611908,TCATACTTACAGATCC-1,"4/V,VIa,VIb"
-0.9554841220378876,TCATATGAGCTTTGTT-1,5/MB
0.42168726523717237,TCATCACTCGAGCTCG-1,"6/II,III,IV"
3.1336490313212075,TCATCCCAGAGGGTGG-1,"6/II,III,IV"
0.0,TCATCGATGGTCCCAA-1,0/HYL
1.2753509084383645,TCATGCAGGTTCTCAT-1,11/PIR
-0.43899354338645935,TCATTTAAGTCTCCGA-1,1/CTXsp
-0.6711977124214172,TCATTTAGAAGTGTGA-1,2/HY
2.181218589345614,TCCAACTTTAAATTCT-1,10/CA1
0.0,TCCAATAAAGGCTACC-1,2/HY
1.125424325466156,TCCACAATGGTTTACG-1,3/CA3
0.0,TCCACCTCTAGCCTTT-1,5/MB
0.0,TCCACTTTATCTAGGT-1,9/cpd
-1.993342638015747,TCCAGAGCACCGGTTC-1,0/HYL
0.20799658695856726,TCCAGATGTACGCCAA-1,1/CTXsp
-1.332427740097046,TCCAGCGCTATAAGCG-1,2/HY
2.9041994412740073,TCCAGGCGAGTACGGT-1,3/CA3
-1.8179952502250671,TCCAGGGTATATACGA-1,5/MB
0.0,TCCATCAATACTAATC-1,8/I
-0.14298024773597717,TCCATTGTGACCTCGT-1,8/I
0.479856828848521,TCCCAAACAGACAACG-1,1/CTXsp
3.925120254357656,TCCCAAAGACGAAGGA-1,3/CA3
2.3649645994106927,TCCCAAAGCCCTAAAT-1,8/I
3.1512610713640847,TCCCACTCTCTTCCGG-1,1/CTXsp
-0.6711977124214172,TCCCAGCACACGACAT-1,2/HY
0.18366054693857825,TCCCAGCTTTAGTCTG-1,9/cpd
2.6576685971037177,TCCCAGGCTTAGCTAA-1,3/CA3
0.3852991461753845,TCCCGCCTATGTGCGT-1,1/CTXsp
2.8911538819471994,TCCCGCGTACTCCTGG-1,3/CA3
-0.7776699364185333,TCCCGGGTGTGCTGCT-1,3/CA3
-0.6591475605964661,TCCCGTCAGTCCCGCA-1,9/cpd
-1.08535036444664,TCCCGTCGCGTCATAG-1,1/CTXsp
0.5335082933306694,TCCCGTGTGCAATTTG-1,0/HYL
0.5164439082145691,TCCCTAGATCAATAGG-1,1/CTXsp
0.48851025104522705,TCCCTGGCGTATTAAC-1,12/RSP
3.490472267071406,TCCCTGGCTCGCTGGA-1,15/CA1-pyramidal layer of the hippocampus
2.880850464105606,TCCCTTAGATTACTCG-1,11/PIR
-1.4186756014823914,TCCGAACGTTGCCGCT-1,2/HY
1.6737669706344604,TCCGAACTTGGCTTAC-1,13/fxs
-0.6711977124214172,TCCGAAGTAGTCACCA-1,8/I
1.5848177075386047,TCCGAATGGTCCTGAG-1,1/CTXsp
0.33471830685933424,TCCGATAATTGCCATA-1,"4/V,VIa,VIb"
3.7519738475481668,TCCGATGGTGCGACAT-1,3/CA3
0.3174503445625305,TCCGATTACATTGCCG-1,3/CA3
0.23555144667625427,TCCGCCTGTCTACAAG-1,5/MB
0.0,TCCGCGGCAGCATCTG-1,9/cpd
-1.990251898765564,TCCGCGGCCCAATGAA-1,0/HYL
0.0,TCCGCTGTCATCCCGG-1,0/HYL
-0.8963104337453842,TCCGCTTATCCCATTA-1,7/TH
-1.900719940662384,TCCGGAGGAAGGGCTG-1,8/I
-1.3254051804542542,TCCGGCCTAGCGTACA-1,1/CTXsp
2.700691064198812,TCCGGCTGTCGGGTCG-1,2/HY
-2.1294344067573547,TCCGGTTCGTCCGGTC-1,0/HYL
3.3344219227631884,TCCGTAACCACAATCC-1,"6/II,III,IV"
-0.6711977124214172,TCCGTTAAGCTAATAT-1,2/HY
-0.8464262932538986,TCCTAAATTGGGAAGC-1,5/MB
-1.835861623287201,TCCTAACCGTCGGGCA-1,2/HY
0.0,TCCTACATCCACGGCC-1,0/HYL
-0.9640292823314667,TCCTAGCAAAGAAGCT-1,9/cpd
0.22465584675470984,TCCTCCTAAGACATTC-1,10/CA1
-0.3454037308692932,TCCTCGGGCTGGGCTT-1,0/HYL
0.6371974746386211,TCCTCTACGAGATGGC-1,13/fxs
0.29737414916356397,TCCTCTCCAGTTGTCC-1,"4/V,VIa,VIb"
1.4522340834140777,TCCTCTGGCCCATTAG-1,8/I
0.5910793145497641,TCCTGCCAACTGGAGA-1,1/CTXsp
0.3567296862602234,TCCTGCGTTGATACTC-1,10/CA1
-1.3399930000305176,TCCTTACGACGGTCCG-1,2/HY
4.983487331867218,TCCTTCAATCCCTACG-1,"6/II,III,IV"
2.6283537944157915,TCCTTCAGTGGTCGAA-1,11/PIR
-2.159339427947998,TCCTTTAAATCCGCTT-1,0/HYL
-0.7417000308632851,TCCTTTCTTACGCTTA-1,3/CA3
0.3380511005719502,TCGAAATTTAGGACCA-1,3/CA3
-0.6711977124214172,TCGAAGAACCGAGCAC-1,0/HYL
-0.09050973504781723,TCGAATATCCCGCAGG-1,5/MB
0.14766072233517957,TCGACAACTGAACCCG-1,12/RSP
2.480058841407299,TCGAGACCAACACCGT-1,7/TH
-1.389285385608673,TCGAGCCAGGCAGGCC-1,0/HYL
-1.3243349194526672,TCGAGGGCAACAGACG-1,2/HY
0.5202806790669758,TCGAGTCTACGATTCG-1,"4/V,VIa,VIb"
-0.859851524233818,TCGATAGGCTAGTCGC-1,8/I
2.1553205649058023,TCGCAAAGATGCATTT-1,0/HYL
-2.209636628627777,TCGCACCAGGAGGCAG-1,0/HYL
-0.6711977124214172,TCGCATAAAGGGCGCA-1,2/HY
0.48150520523389195,TCGCATCCCTAAGTGT-1,"6/II,III,IV"
-1.1672908961772919,TCGCATTCAATGACTT-1,8/I
0.9626923203468323,TCGCCCACTGCGAGAG-1,"6/II,III,IV"
1.3660912221918504,TCGCCGAAGTTGCGTC-1,10/CA1
3.116781572500865,TCGCCGCACCGCGTGA-1,"4/V,VIa,VIb"
-1.019424855709076,TCGCCGGATGGGCAAG-1,8/I
-2.35150283575058,TCGCCGGTCGATCCGT-1,13/fxs
-7.663496792316437,TCGCGTAGCAGTGTCC-1,9/cpd
1.8706280589103699,TCGCGTCCAGAAGGTC-1,15/CA1-pyramidal layer of the hippocampus
2.522536476453145,TCGCTAAACCGCTATC-1,11/PIR
4.359366854031881,TCGCTCGATATATTCC-1,3/CA3
5.111449698607127,TCGCTCGGCACCAGCG-1,1/CTXsp
-1.6628210544586182,TCGCTGGGCGGATTGT-1,3/CA3
2.982817014058431,TCGCTGTGCGTAAATC-1,"4/V,VIa,VIb"
-1.0744084119796753,TCGCTTTAAACGTTTG-1,16/VL
2.946153223514557,TCGGAATGCGCTCTGA-1,3/CA3
0.0,TCGGACGCCCAGCCCA-1,9/cpd
0.4164694150288899,TCGGAGAGTATCGGGA-1,10/CA1
0.0,TCGGAGTACATGAGTA-1,9/cpd
1.0221481521924336,TCGGCGAACCCAAACC-1,2/HY
-1.9106651544570923,TCGGCGTACTGCACAA-1,9/cpd
0.16666817665100098,TCGGCTTGTATCGACG-1,2/HY
5.127878566582997,TCGGGAACGTGCCTAG-1,1/CTXsp
-0.6711977124214172,TCGGGAGACAGCGTAC-1,0/HYL
-0.6711977124214172,TCGGGATTCAAACATA-1,13/fxs
0.0,TCGGGCCGTCGTGGTA-1,9/cpd
0.41179929176966334,TCGGGTGAAACTGCTA-1,"6/II,III,IV"
-0.10798164705435442,TCGGTCCCGACAATAG-1,12/RSP
-1.420265555381775,TCGGTCCCTGACTCCA-1,8/I
0.19375914335250854,TCGGTGACCGCTCCGG-1,8/I
0.8371900518735249,TCGTAAGACGACATTG-1,3/CA3
4.033443748950958,TCGTAAGCTCCGAGGA-1,1/CTXsp
0.9293329517046609,TCGTATAGTGCAATTA-1,"4/V,VIa,VIb"
0.825890560944875,TCGTATTACCCATTGC-1,10/CA1
0.504732718070348,TCGTCAAGTACGCGCA-1,0/HYL
-0.6711977124214172,TCGTCACACTGTTAGC-1,"4/V,VIa,VIb"
-2.5916691422462463,TCGTCCGCTGGCGTCT-1,13/fxs
-1.6169931292533875,TCGTCTTAGGCGTTAA-1,0/HYL
-6.9922990798950195,TCGTGTACTATGGATG-1,9/cpd
2.4298102259635925,TCGTGTATTGGTCACG-1,0/HYL
-0.29956624532739323,TCGTGTCACGCTGACA-1,3/CA3
-1.0971523523330688,TCGTGTTCGACCACAA-1,2/HY
-1.1218926906585693,TCGTTAGGAGTCCCTA-1,0/HYL
3.3962056835492453,TCGTTCGTTATTATGT-1,"6/II,III,IV"
0.6852006316184998,TCGTTGACAGGGTCCC-1,8/I
-0.40939362843831373,TCGTTGCTATCCGGTC-1,0/HYL
-0.6711977124214172,TCTAAAGAACAGTCTC-1,9/cpd
2.9231828649838763,TCTAACTGTATGTAAA-1,"6/II,III,IV"
-0.6711977124214172,TCTAATACTGCCTCAG-1,12/RSP
-1.156021535396576,TCTACCCAATAGAGAG-1,2/HY
1.1367653210957847,TCTACCGTCCACAAGC-1,3/CA3
4.25432288646698,TCTAGCAATCTCCGCC-1,10/CA1
-1.819958746433258,TCTAGCATCTTCGATG-1,13/fxs
2.9414320290088654,TCTAGCATGCCCAGAA-1,7/TH
0.4316582282384236,TCTAGGTGGCGACGCT-1,1/CTXsp
-0.6711977124214172,TCTAGTGATATCGTGG-1,0/HYL
-1.9695605635643005,TCTAGTTATCAGAAGA-1,0/HYL
2.180977178388275,TCTATCATGCAGTTAC-1,"4/V,VIa,VIb"
3.383661145965258,TCTATCGGTCGCAACA-1,3/CA3
-0.4377710223197937,TCTATGCTATAACGAC-1,2/HY
-0.8007819801568985,TCTATTACGCTGGCGA-1,"6/II,III,IV"
-0.6711977124214172,TCTATTACTAGAGGAT-1,10/CA1
-1.4892555475234985,TCTCATGAGATAGGGT-1,0/HYL
-0.7758612260222435,TCTCCACAAGTTGAAT-1,2/HY
-0.6711977124214172,TCTCCCTGGGCAGCGT-1,0/HYL
0.45833183328310634,TCTCGAACGAGGTCAC-1,1/CTXsp
-1.7674277424812317,TCTCGACGTATCGCCG-1,8/I
-1.9486494660377502,TCTCGAGGAGGTTCGC-1,2/HY
-0.2992666947344939,TCTCGTGTTACGAGGA-1,"4/V,VIa,VIb"
0.8048571149508159,TCTCTAATAGCTGGTA-1,13/fxs
-0.19022969404856366,TCTCTCGCCGCACATA-1,2/HY
0.0,TCTCTTACCGCGAACC-1,5/MB
0.3050756653149922,TCTGAACCGGTCGGCT-1,"4/V,VIa,VIb"
0.0,TCTGAACTCGTACCCG-1,2/HY
-0.2878304421901703,TCTGAAGCACGTGGTC-1,0/HYL
-2.451873779296875,TCTGAATTCCGTACAA-1,16/VL
0.8246713280677795,TCTGACGGGCTAACCC-1,1/CTXsp
-2.6382378935813904,TCTGAGCAATTGACTG-1,2/HY
1.3404511014620462,TCTGATCGGGTGCTAG-1,1/CTXsp
-0.5393098592758179,TCTGATGTATTCTGTC-1,0/HYL
2.407021850347519,TCTGATTGGAAATGGA-1,8/I
3.736763834953308,TCTGCACCATTAGTAA-1,8/I
-0.6711977124214172,TCTGCAGATTCGAGTC-1,8/I
-0.7179735898971558,TCTGCATACCTTGCTT-1,2/HY
-0.7900115847587585,TCTGCCAGAAACTGCA-1,0/HYL
-0.09039818346500395,TCTGCGTCCGGTTTCT-1,"6/II,III,IV"
-0.9735618233680725,TCTGGCCGTTCAAGTT-1,8/I
0.8907806078592935,TCTGGCGCAAGCCGGG-1,"6/II,III,IV"
-2.3668259978294373,TCTGGGAACCTTTGAA-1,9/cpd
4.930303434530893,TCTGGGTAGCGCTCAT-1,10/CA1
0.3811579942703247,TCTGTCATACAAGAGC-1,"6/II,III,IV"
0.0,TCTGTGCCATCATAGT-1,9/cpd
0.0,TCTGTTACCCAGCATA-1,0/HYL
0.2397952675819397,TCTTACAGAGGTACCG-1,"4/V,VIa,VIb"
0.0032401482264200476,TCTTACCGGAACTCGT-1,1/CTXsp
-0.6711977124214172,TCTTACGGCATCCGAC-1,"4/V,VIa,VIb"
1.53131107489268,TCTTACTTATGCCTCT-1,0/HYL
5.217324793338776,TCTTAGAGCTCCAATT-1,14/COA
0.0,TCTTAGAGTGAACTCT-1,9/cpd
0.0,TCTTCGAATAGACGTT-1,0/HYL
-1.0886746644973755,TCTTCGATACCAATAA-1,0/HYL
-0.6711977124214172,TCTTCGCGGTGAGAGG-1,2/HY
-4.189903259277344,TCTTCTATAACCCGCC-1,9/cpd
-0.6711977124214172,TCTTGATGCGTAGCGA-1,0/HYL
-1.6071892976760864,TCTTGGTAACACCAAA-1,3/CA3
-1.199390470981598,TCTTTAAGACTATGAA-1,1/CTXsp
-0.0953323021531105,TCTTTAGAGTCTAACA-1,2/HY
0.7562320431073506,TCTTTAGCAGGCGAAC-1,1/CTXsp
-0.9283817112445831,TCTTTCCTTCGAGATA-1,2/HY
2.243101378281911,TGAAACTTATGCAAGC-1,"6/II,III,IV"
0.0,TGAAAGGACCTGACTC-1,9/cpd
1.1669776797294618,TGAACTGCTATGACTT-1,"6/II,III,IV"
3.394186874230703,TGAATATGCTATAAAC-1,1/CTXsp
-1.2860862016677856,TGAATGTCAGCCGGCC-1,2/HY
3.83819176753362,TGAATTTCACTTGCCT-1,"4/V,VIa,VIb"
1.3092262943585715,TGACACTTCTCTTTGC-1,1/CTXsp
3.62257719039917,TGACAGGACAAGTCCA-1,"4/V,VIa,VIb"
2.558386405309041,TGACATATATGACGAT-1,"6/II,III,IV"
-0.9141024798154831,TGACATCGAGCGGACC-1,1/CTXsp
4.0962999661763515,TGACCCACGTTAGACA-1,3/CA3
0.16387512286504102,TGACGAATATTTCCCT-1,10/CA1
-1.6548208594322205,TGACGATGCACTAGAA-1,16/VL
-1.9327619671821594,TGACTATAATCCTTTC-1,7/TH
-0.4453621871769428,TGACTCCGAATCATAC-1,12/RSP
-0.07276244958241784,TGAGAATGCTTTACCG-1,"4/V,VIa,VIb"
2.830730418364207,TGAGACGTACCTCTCA-1,"4/V,VIa,VIb"
0.0,TGAGAGATTTACCACG-1,9/cpd
0.6457058588663735,TGAGATTAGGCCCTAA-1,1/CTXsp
-0.9273620545864105,TGAGCCATACAGTCTC-1,10/CA1
-0.8867525905370712,TGAGCGGAAAGTGTTC-1,5/MB
-1.2449102997779846,TGAGCTCAACTGTATA-1,2/HY
3.8797316153844195,TGAGCTTTAATGACGC-1,11/PIR
2.587029675642649,TGAGGAGTGCCAGCTT-1,5/MB
0.938672920068105,TGAGGCATGTACTGTG-1,"4/V,VIa,VIb"
-0.20030058920383453,TGAGTAAATTAGCGTA-1,7/TH
2.3957719206809998,TGAGTGCCTCTTAAAT-1,7/TH
-1.2168532609939575,TGAGTGGTCCGTGACG-1,3/CA3
-1.0411522090435028,TGAGTTAAAGACATTC-1,2/HY
0.0,TGATACATTTAGCCGT-1,0/HYL
0.08824184536933899,TGATAGCGGGATTCTA-1,"6/II,III,IV"
-0.00929187734921777,TGATCAGGGAACTGCT-1,10/CA1
3.1680363019307456,TGATCCCAGCATTAGT-1,1/CTXsp
0.35205739736557007,TGATCGGTTTGACCCT-1,3/CA3
1.5584709842999778,TGATCTACGCTGATCT-1,1/CTXsp
3.552985330422719,TGATCTCCGGCGCCAG-1,3/CA3
0.9789061347643535,TGATGGCTGTTTCTGA-1,1/CTXsp
-1.5119142532348633,TGATGTCAATTAAGTG-1,2/HY
-0.6711977124214172,TGATTCAGGTCCCGCG-1,"4/V,VIa,VIb"
-0.3507237434387207,TGATTCCCGGTTACCT-1,5/MB
-0.6711977124214172,TGATTCGTCTATCACT-1,3/CA3
-0.6711977124214172,TGATTCTGTCGCCGGT-1,7/TH
2.7440523505210876,TGATTTATTAGCTGTG-1,10/CA1
3.094895362854004,TGATTTCCTCCTGACG-1,"6/II,III,IV"
0.6676583156610528,TGCAACCCATCTGCGG-1,2/HY
2.0356047799189887,TGCAAGAATGACGTAA-1,3/CA3
-0.6481767296791077,TGCAATCTAACACGGT-1,2/HY
2.981874843438466,TGCAATTTGGGCACGG-1,8/I
0.12512570023536684,TGCACAGTGAAGTTAT-1,8/I
3.69582196076711,TGCAGAACTATATCGT-1,10/CA1
-1.183493435382843,TGCAGAGTACCGAGCA-1,7/TH
2.028399169445038,TGCAGATCGTCCTAGG-1,15/CA1-pyramidal layer of the hippocampus
-0.6711977124214172,TGCAGCTACGTACTTC-1,10/CA1
-1.0265763998031616,TGCAGGATCGGCAAAG-1,3/CA3
0.0,TGCAGTTTCCTCCCAT-1,9/cpd
0.0,TGCATATGTCTGTCAC-1,9/cpd
-0.6711977124214172,TGCATGGATCGGATCT-1,13/fxs
0.0,TGCATGTGGTAATCTA-1,3/CA3
3.5744250615437823,TGCCAAAGTCAGACTT-1,10/CA1
0.0,TGCCAATGGGTACTCT-1,0/HYL
1.0491926074028015,TGCCACACTAGAGGAA-1,"4/V,VIa,VIb"
0.1635456681251526,TGCCAGTACGTGGAGA-1,7/TH
0.32967787981033325,TGCCATTACTAAAGAA-1,1/CTXsp
-1.9484502077102661,TGCCCGTACCGTTAAA-1,0/HYL
3.2303316990534463,TGCCGAAAGCGTATTC-1,1/CTXsp
2.1295785506566363,TGCCGTGGATCGTCCT-1,5/MB
3.4211070060729982,TGCCGTTCTTAATCGG-1,12/RSP
-0.4527004659175873,TGCCTAATTGAAGATT-1,2/HY
3.0950156450271606,TGCCTGACATCGGTCA-1,8/I
0.5297248760859172,TGCCTTGGCCAGGCAA-1,0/HYL
-1.442385733127594,TGCGAATATGGGATTT-1,9/cpd
-1.333260416984558,TGCGACACCCTAGTGC-1,7/TH
-0.3963581323623657,TGCGACGGCCGAACGT-1,5/MB
-1.0017369985580444,TGCGAGAATATTACCC-1,0/HYL
-1.3895209431648254,TGCGAGCCCTTCCGCG-1,8/I
-0.6868420466780663,TGCGATGCTAATGGCT-1,8/I
-0.6711977124214172,TGCGCAAAGCATTTGG-1,3/CA3
1.1958053708076477,TGCGCGATTAACGGAG-1,15/CA1-pyramidal layer of the hippocampus
0.18863603472709656,TGCGGAGTAAAGGTGC-1,3/CA3
3.0230891505877175,TGCGGCATAGTTCAAC-1,"4/V,VIa,VIb"
0.2566301226615906,TGCGGTGAAATTTCAT-1,11/PIR
2.8831949035326643,TGCGTAAGAACCTGAT-1,7/TH
2.0528432528177896,TGCGTCATGACTGAGC-1,9/cpd
-0.9547174572944641,TGCGTTTGTTGACACT-1,0/HYL
0.0,TGCTAAGTGTCTATTT-1,0/HYL
-1.3460791110992432,TGCTCCACAGTTCTTA-1,0/HYL
3.3536390562852225,TGCTCGGCGAAACCCA-1,5/MB
0.10423525174458814,TGCTCTGCCGGTTCAC-1,8/I
-1.3107316493988037,TGCTCTTGAGAGTTTG-1,5/MB
0.13530409336090088,TGCTGGTTGGACAATT-1,"4/V,VIa,VIb"
1.3973170121510823,TGCTGTTGAAGAACTC-1,0/HYL
-0.6711977124214172,TGCTTCCCAAGCAGTA-1,5/MB
2.554390092690786,TGGAACCACTGACACA-1,1/CTXsp
3.1256324549516044,TGGAAGAAGGGAACGT-1,10/CA1
3.2548752923806505,TGGAAGACGAACACCA-1,"4/V,VIa,VIb"
0.5331310828526814,TGGAATATCCTTGACC-1,1/CTXsp
-0.6711977124214172,TGGAATTAGACGCTTT-1,"4/V,VIa,VIb"
0.3582144180933635,TGGACCAATCTAAGAT-1,5/MB
0.1784083445866902,TGGACGCAATCCAGCC-1,12/RSP
-1.7020978331565857,TGGACTGTTCGCTCAA-1,0/HYL
3.060679078102112,TGGAGGGAAACACCTC-1,1/CTXsp
0.887762685616811,TGGAGTGATGCGATGA-1,3/CA3
0.4007619569698969,TGGCAAACTAAATTAC-1,0/HYL
4.104606807231903,TGGCAACTCGCGCGCC-1,1/CTXsp
0.4892300168673198,TGGCAATGGGACGGCG-1,2/HY
-1.1085060238838196,TGGCAGATTACGATCA-1,7/TH
-3.7109084725379944,TGGCAGCAGTAATAGT-1,0/HYL
-0.6711977124214172,TGGCATGAAGTTTGGG-1,12/RSP
-2.1891422867774963,TGGCCAAACTGAAGTA-1,3/CA3
-1.6213995814323425,TGGCCAATTTGGTACT-1,9/cpd
4.092095971107483,TGGCCGTATATTGACC-1,3/CA3
-0.43227049708366394,TGGCGACTGCTCCAAA-1,0/HYL
-0.006478276569396257,TGGCGATCAAGTTATG-1,5/MB
-1.4384548664093018,TGGCTACACTCTACCT-1,2/HY
0.6764787832895914,TGGCTATGTGACATAC-1,2/HY
-0.6711977124214172,TGGCTCTTGTCGCGTA-1,9/cpd
-0.9530579745769501,TGGCTTATGTATAATG-1,"4/V,VIa,VIb"
0.271263861656189,TGGCTTGTACAAGCTT-1,8/I
3.2902240327869854,TGGCTTTGGGTAGACA-1,9/cpd
3.2199839452902475,TGGGAAATGCCTTTCC-1,"4/V,VIa,VIb"
1.487821877002716,TGGGATGCACTCATTC-1,8/I
-0.7921446561813354,TGGGCAATAGTTGGGT-1,2/HY
2.08646409958601,TGGGCACAAACAGAAC-1,8/I
3.3037470181783037,TGGGCACGTTCTATGG-1,11/PIR
1.8252255320549011,TGGGCAGGCCACCGCA-1,2/HY
0.8163922826449077,TGGGCCACAAGAGCGC-1,11/PIR
0.0,TGGGCCCATACTAATT-1,0/HYL
0.8982101082801819,TGGGTAAGGTTCCCGC-1,11/PIR
0.5525319774945576,TGGTAAGCAGGATTGA-1,"4/V,VIa,VIb"
1.4955798784891765,TGGTAGAATATATGGG-1,0/HYL
-0.6711977124214172,TGGTATCGCATCCCAA-1,8/I
1.5598268707593281,TGGTATCGGTCTGTAT-1,8/I
0.9845285316308339,TGGTCCCACGCTACGG-1,7/TH
0.561505635579427,TGGTCGTGCAAGGCAA-1,"4/V,VIa,VIb"
-0.6957854274660349,TGGTCTGTTGGGCGTA-1,10/CA1
0.28170080979665113,TGGTGATCGTATTTGT-1,"4/V,VIa,VIb"
-0.6711977124214172,TGGTTAACTTACATTT-1,12/RSP
0.0842941403388977,TGGTTAAGGGCGCTGG-1,1/CTXsp
2.430973967498479,TGGTTCAACGGGTAAT-1,7/TH
4.372362315654755,TGGTTCGTAGCAAAGG-1,3/CA3
1.8675146351257959,TGGTTGGAGGATCCTG-1,8/I
0.5069774587949116,TGGTTTAAACGTGGGT-1,1/CTXsp
3.139838933944702,TGTAATGACCACAATA-1,"4/V,VIa,VIb"
1.5127059320608776,TGTACCTACACGAGGG-1,2/HY
1.3525447050730386,TGTACGAACAAATCCG-1,7/TH
3.8604467312494912,TGTACTACTCTCACGG-1,1/CTXsp
0.0,TGTAGCCATCCCATTC-1,2/HY
-2.0594279766082764,TGTAGGAGAAATTTCC-1,9/cpd
2.434492031733195,TGTAGTGATCTATAAT-1,3/CA3
-1.0958997011184692,TGTATAACAGATCCTG-1,3/CA3
2.8689249952634177,TGTATACGGATGATGA-1,1/CTXsp
0.48395834366480517,TGTATCCTTATTCCAT-1,"6/II,III,IV"
-0.6711977124214172,TGTATGGCGCAGACAG-1,0/HYL
1.1319719751675923,TGTCATTTGTTGGGAA-1,1/CTXsp
2.8790321350097656,TGTCCCGACATAGCAC-1,"6/II,III,IV"
-0.6711977124214172,TGTCCGTGGCGCCTTT-1,"4/V,VIa,VIb"
0.21498594681421912,TGTCCTAAGTCACCGC-1,3/CA3
-0.97569140791893,TGTCGTTATCACATAT-1,12/RSP
4.600292960802713,TGTCTACAGTTTCTGT-1,"6/II,III,IV"
-0.1558894614378612,TGTGAGACTAGCCCAA-1,5/MB
0.6572393973668416,TGTGCCAGAGGCAAAG-1,"4/V,VIa,VIb"
-1.0841253995895386,TGTGCCGGTGCCGGAA-1,0/HYL
1.3677705327669778,TGTGCTTTACGTAAGA-1,13/fxs
-0.47459447383880615,TGTGGTAGGGTGCCTT-1,2/HY
-0.30668875575065613,TGTGGTTGCTAAAGCT-1,5/MB
0.5642828394969304,TGTGTAGTAGCACGTG-1,2/HY
1.0397875308990479,TGTGTCGAAGTCGAGG-1,"6/II,III,IV"
0.7819447716077168,TGTGTCGCGAGTTGCA-1,13/fxs
0.4446607828140259,TGTGTGACCATGAATC-1,"4/V,VIa,VIb"
0.8978642821311951,TGTGTTCGTATCCAAG-1,13/fxs
0.0,TGTTATTGTATGTGGC-1,0/HYL
1.219589610894521,TGTTCATAAATGTGCT-1,"6/II,III,IV"
3.331803018848101,TGTTCCGCTTCCATGA-1,3/CA3
0.2608345846335093,TGTTCGTATTGCGGTG-1,7/TH
-0.1151358149945736,TGTTCTTCCATTGACT-1,3/CA3
-3.104274034500122,TGTTGTCAAGAAGTCT-1,16/VL
1.561377545197805,TGTTTAATACTTCATC-1,8/I
1.077337642510732,TGTTTCGGTACTTCTC-1,"4/V,VIa,VIb"
-1.9283588528633118,TGTTTCTGAAGCGTGC-1,8/I
-0.004949773661792278,TGTTTGAGATCGTCAG-1,2/HY
-0.2120720624923706,TTAAACCGGTAGCGAC-1,8/I
1.1571205655733743,TTAAACCTGGTTCCTT-1,"6/II,III,IV"
1.640530526638031,TTAACACCTCGAACAT-1,"4/V,VIa,VIb"
-0.6711977124214172,TTAACCAACCCTCCCT-1,13/fxs
4.61754031976064,TTAACGAACAAGCAGT-1,1/CTXsp
3.2911274631818133,TTAACGTCGCAAGACC-1,"6/II,III,IV"
3.9888893763224282,TTAACGTTAAAGCCTG-1,"6/II,III,IV"
1.3380944530169168,TTAACTCACGCGTGGA-1,"6/II,III,IV"
-0.20921496550242108,TTAACTTCAGGTAGGA-1,10/CA1
0.0,TTAAGATAGGATTGAC-1,9/cpd
0.6222207148869832,TTAAGCCGACAACTTC-1,11/PIR
-0.40061738838752114,TTAAGCGCCTGACCCA-1,3/CA3
-0.6711977124214172,TTAAGGCCCGTACTTT-1,12/RSP
2.0362609028816223,TTAAGTATTGTTATCC-1,2/HY
2.999027570088704,TTAATCAGTACGTCAG-1,11/PIR
-0.6711977124214172,TTAATGTAGACCAGGT-1,3/CA3
0.5880216161410015,TTAATTGCTTTGGGTG-1,5/MB
2.8279162247975664,TTAATTTCAGACGCGG-1,11/PIR
3.2070165872573853,TTACAACTACGCATCC-1,3/CA3
0.0,TTACACGATCTGCGAC-1,2/HY
3.1161194841066995,TTACAGACCTAAATGA-1,1/CTXsp
3.3250425457954407,TTACATCGTGGCCTGG-1,"4/V,VIa,VIb"
-1.154419630765915,TTACATGCCACAACTA-1,8/I
0.4362457593282063,TTACCATTGATTACCC-1,3/CA3
0.8581222891807556,TTACCCATTGCCGGGT-1,11/PIR
0.8414235313733418,TTACCCTAACAGTCCT-1,"4/V,VIa,VIb"
0.07276656230290723,TTACCCTAGGGATTGG-1,5/MB
0.0,TTACGGATGGTTCGAG-1,16/VL
-0.8959414511919022,TTACGTATCTATGACA-1,2/HY
0.0,TTACTAAAGGACTTTA-1,0/HYL
0.6948723594347637,TTACTATCGGCTTCTC-1,13/fxs
0.0,TTACTCCGGCCGGGAA-1,9/cpd
2.827905972798665,TTACTCTGGTACGTAC-1,10/CA1
-1.1503796577453613,TTACTGGGATATTTCA-1,7/TH
3.853018323580424,TTACTGTCTAGAGCTC-1,1/CTXsp
1.072012702624003,TTAGAAGAACATGACT-1,5/MB
0.7642327348391215,TTAGAATAAGGGTCGG-1,5/MB
2.8369325002034502,TTAGACACGATCGTTG-1,1/CTXsp
-0.6711977124214172,TTAGACGAGTCACCTC-1,0/HYL
0.6744878490765889,TTAGAGGGATATACAG-1,"4/V,VIa,VIb"
0.0,TTAGAGTTTAGAAGGA-1,0/HYL
0.989060084025065,TTAGCAACATGGATGT-1,"4/V,VIa,VIb"
3.799626111984253,TTAGCTAATACGATCT-1,1/CTXsp
0.28546766440073645,TTAGCTCTGTAATCCG-1,"4/V,VIa,VIb"
0.0,TTAGCTGATTTGCCGT-1,9/cpd
-0.1285512000322342,TTAGGTCATAACCGAC-1,5/MB
-0.003109321463853121,TTAGTAAACCTGCTCT-1,2/HY
3.3701803485552473,TTAGTAGGGCGGCGGG-1,15/CA1-pyramidal layer of the hippocampus
0.0,TTAGTTATTCGTGGCA-1,0/HYL
0.18254435062408447,TTAGTTCAAGTGTTCG-1,1/CTXsp
-0.6711977124214172,TTATAGGTAATTGTCT-1,5/MB
0.5511612991491953,TTATATACGCTGTCAC-1,0/HYL
1.4340054392814636,TTATATTTGGCAATCC-1,3/CA3
0.3100916941960652,TTATCCAATCGAACTC-1,"6/II,III,IV"
0.0,TTATCCGGGATCTATA-1,0/HYL
-0.6711977124214172,TTATCCTCAAGGAATA-1,9/cpd
0.6909380952517192,TTATCGCCTGCGAAGC-1,"4/V,VIa,VIb"
1.2896191080411274,TTATCTGACATTAGGA-1,"4/V,VIa,VIb"
0.4991825073957443,TTATCTGTATCATAAC-1,3/CA3
-1.2628129124641418,TTATGAATGAAAGGGA-1,7/TH
0.44252906243006396,TTATGACAAACTGGAT-1,13/fxs
0.0,TTATGATCTTAACGAA-1,9/cpd
-0.6711977124214172,TTATGTTTGCGATAGA-1,"4/V,VIa,VIb"
0.8299356301625569,TTATTAGAGCGTGTTC-1,7/TH
0.5138175090154011,TTATTAGGGAAGCATC-1,11/PIR
-0.21368441979090375,TTATTATCTGGAAGGC-1,2/HY
0.0,TTCAAAGTCTCTAGCC-1,0/HYL
-1.5682888627052307,TTCAACGACCCGACCG-1,13/fxs
0.5352233648300171,TTCAAGCCGAGCTGAG-1,11/PIR
0.0,TTCAATACTCTGAATC-1,9/cpd
3.072174926598867,TTCACGAAAGGATCAC-1,7/TH
2.8686748345692954,TTCACTCGAGCACCTA-1,5/MB
-0.9962612986564636,TTCAGCCCTGGTCCAC-1,0/HYL
-1.205691933631897,TTCAGCTGGCGTGCCC-1,0/HYL
-0.6711977124214172,TTCAGGCGTCAAAGCC-1,10/CA1
1.4653599063555398,TTCAGTTTGTGGCAGC-1,"6/II,III,IV"
-1.211357593536377,TTCATGGCGCAACAGG-1,13/fxs
2.3506782849629717,TTCCAATCAGAGCTAG-1,1/CTXsp
-0.728799007833004,TTCCAATCTGGCTATC-1,7/TH
-1.3319224119186401,TTCCACACAGATTTGA-1,0/HYL
0.3438946604728699,TTCCAGACGAGATTTA-1,14/COA
0.7009887297948203,TTCCATCATGCGGTGA-1,1/CTXsp
0.532504003494978,TTCCATCGACAGCGTG-1,2/HY
-0.6711977124214172,TTCCCGGCGCCAATAG-1,9/cpd
4.007518410682678,TTCCGCAGAGAAATAT-1,1/CTXsp
0.7932884494463603,TTCCGCGTGAGGCGAT-1,7/TH
-0.12315532565116882,TTCCGGCCTTGAGGCT-1,0/HYL
1.0660026669502258,TTCCGGTATCTGTGTC-1,14/COA
-0.3075660765171051,TTCCGGTTACCCACTT-1,0/HYL
-1.797044575214386,TTCCTCGAGGGTGTCT-1,13/fxs
0.0,TTCCTCGGACTAACCA-1,0/HYL
0.373238205909729,TTCCTCTGCCCGAATA-1,"4/V,VIa,VIb"
0.26850205659866333,TTCGACAGAGCCCGTG-1,5/MB
0.03717091679573059,TTCGACGGGAAGGGCG-1,13/fxs
6.1446229219436646,TTCGCACTCGCGTGCT-1,15/CA1-pyramidal layer of the hippocampus
2.036351968844732,TTCGCACTGTACGACA-1,5/MB
-0.6711977124214172,TTCGCCGCTCGCGCTA-1,12/RSP
-0.5899255275726318,TTCGCGCGCCATACGA-1,5/MB
2.1302908658981323,TTCGCTAGGAAGTTGT-1,8/I
0.4136828581492107,TTCGCTATCTGACGTG-1,1/CTXsp
3.620031476020813,TTCGGCAACCCGCTGA-1,1/CTXsp
0.6384592652320862,TTCGGCTAGAGATGGT-1,"6/II,III,IV"
-0.19866794347763062,TTCGGGACTAATCGCG-1,0/HYL
0.9247571031252544,TTCGGGCGCTAGTCTT-1,0/HYL
-0.6711977124214172,TTCGGGTTGCCACGGG-1,2/HY
0.487598717212677,TTCGTAATCCCAGCGG-1,11/PIR
0.2540769875049591,TTCGTACTCCAGAACG-1,13/fxs
0.23679330945014954,TTCGTTCAACGAAGTT-1,1/CTXsp
1.0101577639579773,TTCTACTTGCGAGGGC-1,"4/V,VIa,VIb"
-0.8358135670423508,TTCTAGAAAGTCTTAT-1,5/MB
-0.9232819676399231,TTCTAGGCCAATTGTG-1,13/fxs
-0.6711977124214172,TTCTATGCCTTTCGCA-1,1/CTXsp
0.21641804774602247,TTCTCTTACAGGTGAT-1,12/RSP
-1.2452579736709595,TTCTGACCGGGCTCAA-1,0/HYL
3.8237709899743395,TTCTGCCGCGCCTAGA-1,7/TH
0.42674740155537916,TTCTGCGAGCGCCCTT-1,"4/V,VIa,VIb"
-1.5361546277999878,TTCTGCGGGTTAGCGG-1,0/HYL
4.637572109699249,TTCTGCTAGACTCCAA-1,1/CTXsp
0.9760883251825967,TTCTGTTTCCTGTCGC-1,8/I
0.2936147451400757,TTCTTAGTGAACGGTG-1,"4/V,VIa,VIb"
3.377272506554921,TTCTTAGTGGCTCAGA-1,11/PIR
-0.8048755079507828,TTCTTATCCGCTGGGT-1,2/HY
1.2918402353922525,TTCTTGAGCCGCGCTA-1,7/TH
2.840393841266632,TTCTTGCTAGCATCTC-1,14/COA
-0.7854018211364746,TTCTTGGACGATCTGC-1,0/HYL
-1.521346628665924,TTCTTGTAACCTAATG-1,13/fxs
0.9231985608736673,TTCTTGTGTCCATCAG-1,"6/II,III,IV"
1.8675546062489352,TTCTTTGGTCGCGACG-1,1/CTXsp
1.1247593402862548,TTGAAAGGTGTAAAGG-1,8/I
1.347310721874237,TTGAACGAATCCTTTG-1,"6/II,III,IV"
0.845505600174268,TTGAACGACGTGCTGA-1,2/HY
-0.8067660629749298,TTGAAGAATTCCCAGG-1,3/CA3
3.981187681357066,TTGAAGGATGGGCGCC-1,12/RSP
-1.8164618015289307,TTGAATATGGACTTTC-1,9/cpd
-0.6711977124214172,TTGAATCGTTGTATAA-1,9/cpd
0.0,TTGAATTCACGTGAGG-1,8/I
-0.5623098015785217,TTGACAGGAGCTCCCG-1,0/HYL
4.002825240294138,TTGACATGAACGTGGA-1,10/CA1
-0.6596301198005676,TTGACCAGGAACAACT-1,5/MB
0.0,TTGACCATGTTCTCCG-1,9/cpd
-1.4101462960243225,TTGACCGTGTTAATGA-1,8/I
0.5793032447497051,TTGACGATTCAGCACG-1,"6/II,III,IV"
3.193873127301534,TTGACGCTCCATGAGC-1,9/cpd
1.2547451059023538,TTGACTACCATATGGT-1,7/TH
-1.6926382780075073,TTGACTATTGTCCGGC-1,0/HYL
0.14490542809168494,TTGAGAAGTTTAGCAT-1,0/HYL
-1.3631058931350708,TTGAGAGTACTGCTAA-1,10/CA1
-0.936326265335083,TTGAGCGCCACGTGAT-1,8/I
1.843675896525383,TTGAGTCCCGCTGCTG-1,8/I
3.0667862494786577,TTGATAGTCAATACAT-1,1/CTXsp
0.7353142301241555,TTGATCTAACTTTGTC-1,3/CA3
2.940883914629618,TTGATGTGTAGTCCCG-1,1/CTXsp
2.559560530508558,TTGATTAGCTGTTTCT-1,10/CA1
0.1449926892916361,TTGATTATGCAGATGA-1,13/fxs
-1.1782740950584412,TTGCACAATTCAGAAA-1,0/HYL
2.509029507637024,TTGCACGGAGCAGCAC-1,13/fxs
3.489845633506775,TTGCATGCTGATCACG-1,10/CA1
-2.0502811074256897,TTGCCAAGCAGAACCC-1,8/I
0.5738249023755391,TTGCCATAGCCCGCTC-1,12/RSP
0.20505580306053162,TTGCCCTGATCACGGG-1,10/CA1
-0.3986775819212198,TTGCCGCAGACCTACA-1,12/RSP
0.859092394510905,TTGCCGCTTTCTAGTA-1,5/MB
-0.4226739704608917,TTGCCGGTGATCCCTC-1,8/I
-1.4086133241653442,TTGCGGCATCAGAAAG-1,0/HYL
0.6101709405581157,TTGCGTAGTTTGAGGA-1,"4/V,VIa,VIb"
-0.12052632123231888,TTGCGTCGGCCAACCG-1,0/HYL
1.0857788125673928,TTGCGTGAACGCTTAG-1,1/CTXsp
1.6702812030911445,TTGCTCCCATACCGGA-1,3/CA3
-2.30957955121994,TTGCTGAAGGAACCAC-1,13/fxs
-0.1454686621824901,TTGCTGATCATGTTCG-1,3/CA3
3.747570554415385,TTGCTGCACCTATCCA-1,"6/II,III,IV"
-1.0291721522808075,TTGCTGGCCGGGCTTC-1,8/I
-0.6711977124214172,TTGGAAGAATACAGTC-1,10/CA1
1.45505761106809,TTGGACATGTGGCTTA-1,10/CA1
1.8467873682578404,TTGGACCATCTGGCAA-1,2/HY
0.6370941797892253,TTGGACCTATAACAGT-1,2/HY
0.5491410493850708,TTGGAGTCTCCCTTCT-1,8/I
-1.9806985259056091,TTGGATATCGTCTACG-1,0/HYL
3.6320428053538008,TTGGATCGACTTCTGG-1,"6/II,III,IV"
0.9699426293373108,TTGGATTGGGTACCAC-1,"4/V,VIa,VIb"
3.6337398489316306,TTGGCCATCTTGCGCT-1,"6/II,III,IV"
1.8551085789998374,TTGGCCTAGAATTTCG-1,11/PIR
-0.9456718564033508,TTGGCGATCCGAATAT-1,8/I
-0.6711977124214172,TTGGCTCGCATGAGAC-1,13/fxs
-0.9421858489513397,TTGGGACACTGCCCGC-1,3/CA3
-2.31523734331131,TTGGGACGTAAGAGTT-1,2/HY
-0.7676504254341125,TTGGGCGGCGGTTGCC-1,3/CA3
0.4600767493247986,TTGGTATGGCTTGTGT-1,1/CTXsp
-0.7627315744757652,TTGGTCACACTCGTAA-1,7/TH
0.27783772349357605,TTGGTTGCGGTGCGCG-1,12/RSP
5.214442749818167,TTGTAAGGACCTAAGT-1,10/CA1
0.0,TTGTAAGGCCAGTTGG-1,3/CA3
-0.9690417945384979,TTGTAATCCGTACTCG-1,0/HYL
0.7627217411994933,TTGTACACCTCGAACA-1,"4/V,VIa,VIb"
0.3704034090042114,TTGTATCACACAGAAT-1,"6/II,III,IV"
-0.017385850350062126,TTGTCACCGCGGTATC-1,"4/V,VIa,VIb"
3.5504411620398364,TTGTCGTTCAGTTACC-1,3/CA3
-0.3360452353954315,TTGTGAACCTAATCCG-1,2/HY
-0.21729772289594018,TTGTGAGGCATGACGC-1,9/cpd
-0.6711977124214172,TTGTGCAGCCACGTCA-1,5/MB
-0.6711977124214172,TTGTGCGGAAGCGGAT-1,12/RSP
3.752942601839701,TTGTGGCCCTGACAGT-1,"4/V,VIa,VIb"
0.6258255839347839,TTGTGGTAGGAGGGAT-1,10/CA1
-0.7282281741499901,TTGTGGTATAGGTATG-1,8/I
-1.2896400690078735,TTGTGGTGGTACTAAG-1,2/HY
0.06343121826648712,TTGTGTATGCCACCAA-1,5/MB
-0.6711977124214172,TTGTGTTTCCCGAAAG-1,7/TH
0.46861068407694495,TTGTTAGCAAATTCGA-1,13/fxs
5.0828475157419835,TTGTTCAGTGTGCTAC-1,3/CA3
0.0,TTGTTGTGTGTCAAGA-1,9/cpd
0.6057574252287546,TTGTTTCACATCCAGG-1,5/MB
0.0,TTGTTTCATTAGTCTA-1,0/HYL
-0.7243285551667213,TTGTTTCCATACAACT-1,10/CA1
