CCI,index,Annotation
-0.12049119174480438,AAACACCAATAACTGC-1,1/PIR
1.3860335300366085,AAACAGAGCGACTCCT-1,3/CA1
-0.12049119174480438,AAACAGCTTTCAGAAG-1,9/COA
-0.12049119174480438,AAACAGGGTCTATATT-1,9/COA
-0.12049119174480438,AAACCGGGTAGGTACC-1,2/fxs
-0.12049119174480438,AAACCGTTCGTCCAGG-1,3/CA1
-0.12049119174480438,AAACCTCATGAAGTTG-1,2/fxs
0.0,AAACGAAGATGGAGTA-1,1/PIR
-0.12049119174480438,AAACGAGACGGTTGAT-1,3/CA1
0.0,AAACTCGTGATATAAG-1,6/RSP
0.0,AAACTGCTGGCTCCAA-1,3/CA1
0.0,AAACTTAATTGCACGC-1,10/I
-0.12049119174480438,AAACTTGCAAACGTAT-1,13/VL
0.0,AAAGACTGGGCGCTTT-1,7/MB
-0.12049119174480438,AAAGGCCCTATAATAC-1,1/PIR
0.0,AAAGGCTACGGACCAT-1,5/II_III_IV
-0.12049119174480438,AAAGGCTCTCGCGCCG-1,8/V_VIa_VIb
0.0,AAAGGGATGTAGCAAG-1,0/HYL
0.0,AAAGGGCAGCTTGAAT-1,0/HYL
-0.12049119174480438,AAAGTAGCATTGCTCA-1,13/VL
-0.12049119174480438,AAAGTCGACCCTCAGT-1,2/fxs
-0.12049119174480438,AAAGTGTGATTTATCT-1,5/II_III_IV
-0.12049119174480438,AAAGTTGACTCCCGTA-1,5/II_III_IV
1.4637519518534343,AAATAACCATACGGGA-1,3/CA1
-0.12049119174480438,AAATACCTATAAGCAT-1,3/CA1
0.0,AAATAGCTTAGACTTT-1,5/II_III_IV
-0.5742957144975662,AAATAGGGTGCTATTG-1,5/II_III_IV
0.0,AAATCGCGGAAGGAGT-1,1/PIR
0.0,AAATCGTGTACCACAA-1,11/CA3
0.0,AAATGATTCGATCAGC-1,6/RSP
-0.12049119174480438,AAATGCTCGTTACGTT-1,7/MB
-0.12049119174480438,AAATGGCATGTCTTGT-1,13/VL
-0.12049119174480438,AAATGGCCCGTGCCCT-1,9/COA
-0.12049119174480438,AAATGGTCAATGTGCC-1,4/TH
-0.12049119174480438,AAATGTATCTTATCCC-1,0/HYL
-0.12049119174480438,AAATTAACGGGTAGCT-1,4/TH
-0.12049119174480438,AAATTAATAAGCGCGA-1,2/fxs
-0.5742957144975662,AAATTACACGACTCTG-1,3/CA1
0.0,AAATTACCTATCGATG-1,2/fxs
-0.45380452275276184,AAATTGATAGTCCTTT-1,1/PIR
-0.12049119174480438,AAATTTGCGGGTGTGG-1,3/CA1
-0.12049119174480438,AACAACTGGTAGTTGC-1,4/TH
-0.12049119174480438,AACAATACATTGTCGA-1,1/PIR
-0.12049119174480438,AACAATTACTCTACGC-1,0/HYL
-0.45380452275276184,AACACACGCTCGCCGC-1,10/I
-0.12049119174480438,AACACGAGACGCGGCC-1,13/VL
-0.12049119174480438,AACAGCTGTGTGGCAA-1,1/PIR
-0.12049119174480438,AACAGGAAATCGAATA-1,13/VL
0.0,AACAGGATGGGCCGCG-1,4/TH
-0.45380452275276184,AACATATCAACTGGTG-1,8/V_VIa_VIb
-0.12049119174480438,AACATCGATACGTCTA-1,6/RSP
0.0,AACATTGAAGTTGATC-1,10/I
0.0,AACATTGTGACTCGAG-1,5/II_III_IV
1.0499643037716548,AACCAAGACTTCTCTG-1,0/HYL
0.0,AACCATGGGATCGCTA-1,7/MB
-0.12049119174480438,AACCCAGAGACGGAGA-1,0/HYL
-0.12049119174480438,AACCCATCCCATGATC-1,1/PIR
0.0,AACCCGACAACCCGTG-1,10/I
-0.12049119174480438,AACCCTACTGTCAATA-1,5/II_III_IV
-0.12049119174480438,AACCGAGCTTGGTCAT-1,3/CA1
0.0,AACCGCTAAGGGATGC-1,5/II_III_IV
0.0,AACCTTTAAATACGGT-1,6/RSP
0.0,AACCTTTACGACGTCT-1,6/RSP
-0.12049119174480438,AACGAAAGTCGTCCCA-1,1/PIR
0.0,AACGATAATGCCGTAG-1,6/RSP
-0.12049119174480438,AACGATAGAAGGGCCG-1,7/MB
-0.12049119174480438,AACGATATGTCAACTG-1,3/CA1
-0.12049119174480438,AACGCATGATCTGGGT-1,6/RSP
-0.12049119174480438,AACGCGACCTTGGGCG-1,10/I
-0.12049119174480438,AACGCGGTCTCCAGCC-1,0/HYL
-0.45380452275276184,AACGGACGTACGTATA-1,5/II_III_IV
-0.12049119174480438,AACGGCCATCTCCGGT-1,3/CA1
-0.12049119174480438,AACGTACTGTGGGTAC-1,11/CA3
-0.12049119174480438,AACGTCAGACTAGTGG-1,4/TH
-0.12049119174480438,AACGTGCGAAAGTCTC-1,3/CA1
-0.12049119174480438,AACGTTATCAGCACCT-1,0/HYL
0.0,AACTAGGCTTGGGTGT-1,8/V_VIa_VIb
-0.12049119174480438,AACTCAAGTTAATTGC-1,0/HYL
-0.12049119174480438,AACTCGATGGCGCAGT-1,7/MB
0.0,AACTCTCAATAGAGCG-1,8/V_VIa_VIb
-0.12049119174480438,AACTCTCAGTGTGCTC-1,3/CA1
0.0,AACTGAGTTATACTGA-1,10/I
-0.12049119174480438,AACTGGGTCCCGACGT-1,0/HYL
0.0,AACTTCTGCGTCTATC-1,0/HYL
-0.12049119174480438,AACTTGCCCGTATGCA-1,0/HYL
-0.12049119174480438,AACTTGCGTTCTCGCG-1,7/MB
-0.12049119174480438,AACTTTACGGGAGCTT-1,2/fxs
-0.12049119174480438,AAGAAGGATCAGTTAG-1,7/MB
-0.12049119174480438,AAGACCAAATAACTCA-1,10/I
-0.12049119174480438,AAGACCCAACTGAACA-1,6/RSP
-0.12049119174480438,AAGACTGCAAGCTACT-1,14/DG
-0.12049119174480438,AAGAGATGAATCGGTA-1,2/fxs
-0.12049119174480438,AAGAGCTCTTTATCGG-1,3/CA1
-0.5742957144975662,AAGAGGATGTACGCGA-1,0/HYL
-0.12049119174480438,AAGAGGCATGGATCGC-1,3/CA1
0.0,AAGATGGCACCGGACC-1,1/PIR
-0.12049119174480438,AAGATTGGCGGAACGT-1,2/fxs
0.0,AAGCACCCTGCGTATC-1,5/II_III_IV
0.0,AAGCATACTCTCCTGA-1,8/V_VIa_VIb
-0.5742957144975662,AAGCCGCCGTGAAATC-1,1/PIR
-0.12049119174480438,AAGCGTCCCTCATCGA-1,1/PIR
-0.12049119174480438,AAGCTAGATCGAGTAA-1,2/fxs
-0.12049119174480438,AAGCTCGTGCCAAGTC-1,3/CA1
-0.12049119174480438,AAGCTCTTTCATGGTG-1,5/II_III_IV
0.0,AAGGAGCGGTTGGTGC-1,4/TH
0.0,AAGGATCGATCGCTTG-1,10/I
-0.12049119174480438,AAGGATGAGGGACCTC-1,15/CA1-pyramidal layer of the hippocampus
-0.12049119174480438,AAGGCGCGTAAAGCTT-1,4/TH
0.0,AAGGCTGTGCTCATCG-1,4/TH
-0.12049119174480438,AAGGGAACGACTGGCT-1,1/PIR
0.0,AAGGGACAGATTCTGT-1,2/fxs
-0.12049119174480438,AAGGGACTATGCATTC-1,1/PIR
0.0,AAGGGTTTGATTTCAG-1,1/PIR
0.0,AAGGTATCCTAATATA-1,3/CA1
-0.12049119174480438,AAGGTGATAAACCAGC-1,5/II_III_IV
0.0,AAGTAGAAGACCGGGT-1,12/Parafascicular nucleus
-0.5742957144975662,AAGTAGTGACGCGAGG-1,0/HYL
0.0,AAGTCAATTGTCGTCA-1,5/II_III_IV
-0.12049119174480438,AAGTCTTCTGTGGCCT-1,9/COA
-0.12049119174480438,AAGTGACGACCGAATT-1,2/fxs
-0.12049119174480438,AAGTGAGTCGGGTTTA-1,1/PIR
0.0,AAGTGCAAAGGTAGAC-1,0/HYL
-0.12049119174480438,AAGTGCCTTGACTGTA-1,10/I
0.0,AAGTGTTTGGAGACGG-1,6/RSP
-0.12049119174480438,AAGTTCACTCCAAGCT-1,10/I
0.0,AAGTTCAGTCTGCGTA-1,6/RSP
-0.12049119174480438,AAGTTCGGCCAACAGG-1,2/fxs
-0.12049119174480438,AATAACAACGCTCGGC-1,0/HYL
-0.12049119174480438,AATAACACTAGAACAA-1,3/CA1
0.0,AATACAATGTTTCAGG-1,0/HYL
-0.12049119174480438,AATACCGGAGGGCTGT-1,10/I
-0.12049119174480438,AATAGAACAGAGTGGC-1,3/CA1
0.0,AATAGAATCTGTTTCA-1,6/RSP
0.0,AATAGCTACCGCGTGC-1,6/RSP
7.213979562123616,AATAGTCCGTCCCGAC-1,8/V_VIa_VIb
0.0,AATAGTCGCGAGTCGG-1,7/MB
-0.12049119174480438,AATATCCTAGCAAACT-1,9/COA
0.0,AATATCGAGGGTTCTC-1,8/V_VIa_VIb
-0.12049119174480438,AATATTGGAGTATTGA-1,2/fxs
-0.12049119174480438,AATCCAAGGGCCTGAG-1,7/MB
-0.12049119174480438,AATCGCCTCAGCGCCA-1,15/CA1-pyramidal layer of the hippocampus
7.405620416005452,AATCTAGGTTTACTTG-1,9/COA
-0.12049119174480438,AATCTATGCCGGAGCC-1,5/II_III_IV
-0.12049119174480438,AATCTCTACTGTGGTT-1,13/VL
0.0,AATCTGCGTTGGGACG-1,2/fxs
-0.5742957144975662,AATCTGGCTTTCTAGT-1,9/COA
-0.12049119174480438,AATGACAGCAATGTCT-1,2/fxs
-0.12049119174480438,AATGACGTAGGATGTC-1,2/fxs
-0.12049119174480438,AATGACTGTCAGCCGG-1,12/Parafascicular nucleus
-0.12049119174480438,AATGAGTTCGCATATG-1,7/MB
0.0,AATGATGATACGCTAT-1,2/fxs
-0.5742957144975662,AATGATGCGACTCCTG-1,8/V_VIa_VIb
-0.12049119174480438,AATGCAACCGGGTACC-1,0/HYL
0.0,AATGCACCAAGCAATG-1,6/RSP
0.0,AATGGTCCACCGTTCA-1,0/HYL
-0.12049119174480438,AATGGTTCTCACAAGC-1,12/Parafascicular nucleus
0.0,AATGTGCCCGAGGTGT-1,1/PIR
-0.12049119174480438,AATGTGCTAATCTGAG-1,10/I
0.0,AATTAAAGGTCGGCGT-1,4/TH
-0.12049119174480438,AATTAACGGATTTCCA-1,5/II_III_IV
0.0,AATTACGAGACCCATC-1,1/PIR
-0.12049119174480438,AATTAGCGCTGCAGCG-1,2/fxs
0.0,AATTCATAAGGGATCT-1,2/fxs
0.0,AATTCATTGTCATGCA-1,10/I
-0.12049119174480438,AATTCCAAGCATGTAC-1,10/I
-0.12049119174480438,AATTCTAGAGTTAGGC-1,11/CA3
0.0,AATTGAACGCTCTGGT-1,8/V_VIa_VIb
-0.45380452275276184,AATTTGGGACATAGTA-1,6/RSP
-0.12049119174480438,ACAAACCATGCGTCCT-1,1/PIR
-0.12049119174480438,ACAAAGAAGGTAGGCC-1,9/COA
0.0,ACAAATCGCACCGAAT-1,6/RSP
0.0,ACAAATGGTAGTGTTT-1,8/V_VIa_VIb
-0.12049119174480438,ACAACAGCATGAGCTA-1,14/DG
-0.5742957144975662,ACAACGGTCCCTGCGA-1,4/TH
-0.12049119174480438,ACAAGCAGTGCCTAGC-1,0/HYL
-0.12049119174480438,ACAAGCTATATGGAAG-1,9/COA
-0.12049119174480438,ACAAGGAAATCCGCCC-1,8/V_VIa_VIb
6.21061913172404,ACAAGGACAAGAGGTT-1,4/TH
-0.12049119174480438,ACAAGGGCAGGCTCTG-1,3/CA1
-0.12049119174480438,ACAATAGTCGTACGTT-1,13/VL
-0.12049119174480438,ACAATCCATTTAAACC-1,0/HYL
-0.5742957144975662,ACAATGAATACGGAGA-1,1/PIR
-0.12049119174480438,ACAATTTAGGAGGCTC-1,2/fxs
-0.12049119174480438,ACAATTTGAGCAGTGG-1,3/CA1
0.0,ACACAAAGACGGGTGG-1,0/HYL
-0.12049119174480438,ACACACCAGGACCAGT-1,6/RSP
0.0,ACACATGATCAAATCT-1,1/PIR
0.0,ACACCCAGCATGCAGC-1,4/TH
-0.12049119174480438,ACACCCGAGAAATCCG-1,12/Parafascicular nucleus
-0.12049119174480438,ACACCGAGCGCTCTTT-1,7/MB
-0.12049119174480438,ACACCGGTCTGACCGC-1,1/PIR
-0.12049119174480438,ACACCTTAAGTAGGGC-1,4/TH
-0.12049119174480438,ACACGAGACTCCTTCT-1,14/DG
-0.12049119174480438,ACACGGGAACTTAGGG-1,14/DG
0.0,ACACTCCAATGTCACT-1,7/MB
-0.12049119174480438,ACACTGATCAAGGTGT-1,3/CA1
-0.12049119174480438,ACAGAACTGAGAACAA-1,9/COA
-0.12049119174480438,ACAGGCTTGCCCGACT-1,5/II_III_IV
1.5519585559765499,ACAGGTGGAGGTGAGG-1,3/CA1
-0.12049119174480438,ACAGGTGTGTTGTTGC-1,9/COA
-0.12049119174480438,ACAGTAATACAACTTG-1,9/COA
0.0,ACATAAGTCGTGGTGA-1,1/PIR
0.0,ACATAATAAGGCGGTG-1,0/HYL
-0.12049119174480438,ACATCAGCTGGGACGC-1,0/HYL
-0.12049119174480438,ACATCCCGGCCATACG-1,8/V_VIa_VIb
-0.12049119174480438,ACATCCTGGTAACTGT-1,5/II_III_IV
-0.12049119174480438,ACATCGATCGTTTACC-1,11/CA3
0.0,ACATCGGTCAGCCGCG-1,0/HYL
-0.12049119174480438,ACATCGTATGCAATGG-1,8/V_VIa_VIb
-0.12049119174480438,ACATGGCGCCAAAGTA-1,5/II_III_IV
-0.12049119174480438,ACATTAGTTTATATCC-1,2/fxs
0.0,ACCAAACACCCAGCGA-1,6/RSP
0.0,ACCAACACCACACACT-1,6/RSP
-0.12049119174480438,ACCAACGCTTATTTAT-1,2/fxs
-0.12049119174480438,ACCAAGAACGCGTGTC-1,7/MB
0.0,ACCAATATGCAAGTTA-1,5/II_III_IV
-0.5742957144975662,ACCACAAGTTTCTATC-1,4/TH
-0.12049119174480438,ACCACCAATGTAACAA-1,10/I
-0.12049119174480438,ACCACGTGCAGCTATA-1,8/V_VIa_VIb
-0.12049119174480438,ACCAGACCATAACAAC-1,9/COA
0.0,ACCAGTGCGGGAGACG-1,5/II_III_IV
-0.12049119174480438,ACCATATCCGCAATAA-1,4/TH
-0.12049119174480438,ACCATCCGCCAACTAG-1,9/COA
0.0,ACCATCGTATATGGTA-1,0/HYL
-0.12049119174480438,ACCATTAAGGGTGTCA-1,7/MB
0.0,ACCCAACGCCCGTGGC-1,3/CA1
-0.12049119174480438,ACCCACCTACATGCTC-1,0/HYL
0.0,ACCCATCTTGAGGGTA-1,0/HYL
-0.12049119174480438,ACCCGAGCGAAATTAC-1,1/PIR
-0.12049119174480438,ACCCGGAAACTCCCAG-1,6/RSP
0.0,ACCCGGATGACGCATC-1,5/II_III_IV
-0.12049119174480438,ACCCGGTTACACTTCC-1,2/fxs
-0.12049119174480438,ACCCGTGTCATCAGTA-1,6/RSP
-0.12049119174480438,ACCCTATAGGACTGAG-1,7/MB
-0.12049119174480438,ACCCTATGCCATATCG-1,2/fxs
0.0,ACCCTCCCTTGCTATT-1,6/RSP
0.0,ACCCTGGTAACGCCCT-1,5/II_III_IV
0.0,ACCGAAGAGTCTGGTT-1,1/PIR
-0.12049119174480438,ACCGACACATCTCCCA-1,5/II_III_IV
-0.12049119174480438,ACCGACTGAGTCCCAC-1,2/fxs
0.0,ACCGATGGTAGCATCG-1,8/V_VIa_VIb
-0.12049119174480438,ACCGCAATAACTGCCT-1,6/RSP
-0.12049119174480438,ACCGGGCCTTTGTTGA-1,5/II_III_IV
0.0,ACCGGTCAGGTACACC-1,1/PIR
0.0,ACCGTCCACTGGGCCC-1,10/I
0.0,ACCGTGACCACGTGGG-1,1/PIR
-0.12049119174480438,ACCTAAGTACCTTTCA-1,2/fxs
1.0375938216845195,ACCTAATCGACTTCCT-1,0/HYL
0.0,ACCTCCGTTATTCACC-1,10/I
0.0,ACCTCGAACTTATGCT-1,10/I
-0.12049119174480438,ACCTGCGTGTCATGTT-1,13/VL
-0.5742957144975662,ACGAAATGGGCGGCAC-1,0/HYL
-0.12049119174480438,ACGACTGGTCATACTC-1,1/PIR
-0.12049119174480438,ACGAGGATACCACTCT-1,9/COA
-0.12049119174480438,ACGAGGTTTACAACGT-1,1/PIR
-0.12049119174480438,ACGAGTACGGATGCCC-1,6/RSP
0.0,ACGATACATAGAACTA-1,3/CA1
-0.12049119174480438,ACGATACCTATCCTGA-1,9/COA
0.0,ACGATCATACATAGAG-1,0/HYL
-0.12049119174480438,ACGATCATCTTGTAAA-1,5/II_III_IV
-0.12049119174480438,ACGATGCATATGTTAT-1,0/HYL
-0.12049119174480438,ACGCAAACTAATAGAT-1,1/PIR
-0.12049119174480438,ACGCAATCACTACAGC-1,6/RSP
-0.12049119174480438,ACGCATTCGTGAGTAC-1,4/TH
-0.5742957144975662,ACGCCAGATGATTTCT-1,3/CA1
-0.5742957144975662,ACGCCGCTAGACGACC-1,3/CA1
0.0,ACGCGAAGTCAGACGA-1,11/CA3
1.2518064926067989,ACGCGCTACACAGGGT-1,0/HYL
-0.5742957144975662,ACGCGGGCCAAGGACA-1,4/TH
-0.12049119174480438,ACGCGTTTCTTAAGAG-1,2/fxs
-0.45380452275276184,ACGCTAGTGATACACT-1,8/V_VIa_VIb
-0.12049119174480438,ACGCTGTGAGGCGTAG-1,13/VL
0.0,ACGGAATTTAGCAAAT-1,7/MB
0.0,ACGGACTCTCAAAGCG-1,10/I
-0.12049119174480438,ACGGAGCGCAAATTAC-1,6/RSP
-0.12049119174480438,ACGGATGGTGCGGATA-1,5/II_III_IV
-0.12049119174480438,ACGGCACTTGCTTGGG-1,2/fxs
-0.12049119174480438,ACGGCCAACATGGACT-1,2/fxs
-0.12049119174480438,ACGGCGACGATGGGAA-1,8/V_VIa_VIb
0.0,ACGGCTGGATGTAGAA-1,1/PIR
-0.12049119174480438,ACGGGAGTGTCGGCCC-1,13/VL
-0.12049119174480438,ACGGGTCATGTGACTT-1,7/MB
-0.12049119174480438,ACGTAGATTGCTGATG-1,14/DG
-0.12049119174480438,ACGTATTACTCCGATC-1,5/II_III_IV
-0.12049119174480438,ACGTCTCGTTCCGGGA-1,9/COA
-0.12049119174480438,ACGTGACAAAGTAAGT-1,1/PIR
-0.12049119174480438,ACGTGCGCCTCGTGCA-1,7/MB
0.0,ACGTTAATGTCGAAGA-1,3/CA1
-0.12049119174480438,ACGTTAGATTTGCCCG-1,0/HYL
-0.12049119174480438,ACGTTATTGGTCACTC-1,0/HYL
0.0,ACGTTCGCAATCAATT-1,10/I
-0.12049119174480438,ACGTTCGTTCAGGAAA-1,1/PIR
-0.12049119174480438,ACTACATCCCGACAAG-1,1/PIR
-0.12049119174480438,ACTACCAGCTCTCTGG-1,4/TH
-0.12049119174480438,ACTACGCGTTAGAATT-1,5/II_III_IV
0.0,ACTATCCAGGGCATGG-1,10/I
-0.12049119174480438,ACTATCGCCGGCTAAA-1,7/MB
-0.5742957144975662,ACTATGTCCAGCTGCC-1,1/PIR
-0.12049119174480438,ACTATTTCCGGGCCCA-1,1/PIR
-0.12049119174480438,ACTCAATAAAGGCACG-1,3/CA1
0.0,ACTCCAATATCATCAT-1,1/PIR
1.1993174503246944,ACTCCCGAATTCGTTT-1,5/II_III_IV
0.0,ACTCCCTAATGCTAAA-1,5/II_III_IV
-0.12049119174480438,ACTCCCTAGAATAGTA-1,2/fxs
-0.12049119174480438,ACTCGATGTATTTCAT-1,0/HYL
-0.12049119174480438,ACTCGTCAGTAATCCC-1,3/CA1
-0.12049119174480438,ACTCTAAACCTGGGAT-1,2/fxs
-0.12049119174480438,ACTCTCTGACTTAGGT-1,3/CA1
-0.12049119174480438,ACTCTTGTATAGTAAC-1,14/DG
0.0,ACTGAATGGCGAAAGT-1,6/RSP
3.0460942536592484,ACTGCCGTCGTAACTC-1,10/I
-0.12049119174480438,ACTGCTCGGAAGGATG-1,1/PIR
0.0,ACTGTACGATACACAT-1,3/CA1
-0.12049119174480438,ACTGTAGCACTTTGGA-1,4/TH
0.0,ACTGTCCAGGATTATA-1,4/TH
-0.5742957144975662,ACTGTCTTCTTTAGAA-1,4/TH
-0.12049119174480438,ACTGTGCTAGTAGATC-1,7/MB
0.0,ACTTACGCATCCACGC-1,5/II_III_IV
-0.12049119174480438,ACTTAGTACGACAAGA-1,7/MB
0.0,ACTTATACTTACCCGG-1,2/fxs
-0.12049119174480438,ACTTATTAGGATCGGT-1,4/TH
0.0,ACTTATTTATGTGCCA-1,6/RSP
0.0,ACTTCAGGCTGATCCC-1,6/RSP
-0.12049119174480438,ACTTCCAGTGGAAGCT-1,1/PIR
-0.12049119174480438,ACTTCGCCATACGCAC-1,14/DG
-0.12049119174480438,ACTTGACTCCCTCTTT-1,3/CA1
0.0,ACTTGGGACCCGGTGG-1,4/TH
-0.12049119174480438,ACTTGTAGTCCCTTCA-1,9/COA
-0.12049119174480438,ACTTTACCCTCATGAA-1,5/II_III_IV
-0.12049119174480438,ACTTTCCTATAGCTTC-1,4/TH
-0.12049119174480438,ACTTTGACTGCATCCT-1,13/VL
0.0,ACTTTGGTCGTGCTCC-1,1/PIR
-0.12049119174480438,AGAACCCTCAATTGGG-1,1/PIR
-0.12049119174480438,AGAACGTGGTACATTC-1,14/DG
0.0,AGAAGAGCGCCGTTCC-1,10/I
1.2480633209149044,AGAAGGTACACTTCAC-1,9/COA
-0.5742957144975662,AGAAGGTTGCCGAATT-1,0/HYL
-0.12049119174480438,AGAAGTGATTCGTGAT-1,13/VL
-0.12049119174480438,AGAATTATGGATTCGA-1,8/V_VIa_VIb
-0.12049119174480438,AGAATTGTTTGACATA-1,0/HYL
0.0,AGACAGCTCAGAATCC-1,7/MB
-0.12049119174480438,AGACCAAACCACACCT-1,9/COA
-0.45380452275276184,AGACCATGGGATACAA-1,4/TH
-0.12049119174480438,AGACCCACCGCTGATC-1,2/fxs
0.0,AGACCCGCCCTCCTCG-1,4/TH
0.0,AGACGAAGTGCCGGTC-1,10/I
-0.12049119174480438,AGACGACGATGCCGCT-1,2/fxs
0.0,AGACTAGCCTTCCAGA-1,4/TH
-0.12049119174480438,AGACTGTTACCGGGTC-1,1/PIR
-0.12049119174480438,AGAGAACCGTCTAGGA-1,3/CA1
-0.12049119174480438,AGAGAAGGAGTACAAT-1,1/PIR
-0.12049119174480438,AGAGATCTCTAAAGCG-1,2/fxs
-0.12049119174480438,AGAGCAGTTATGAGAC-1,0/HYL
-0.12049119174480438,AGAGCGGGCTAATCAT-1,2/fxs
0.0,AGAGCGTACAAGCTCG-1,4/TH
-0.12049119174480438,AGATAACTTCAGGGCC-1,4/TH
-0.12049119174480438,AGATACCGGTGTTCAC-1,0/HYL
-0.12049119174480438,AGATACGACTTCATAT-1,0/HYL
0.0,AGATACTCAAGATCGA-1,8/V_VIa_VIb
0.0,AGATCGTGCATAAGAT-1,8/V_VIa_VIb
-0.12049119174480438,AGATCTCAGGTGTGAT-1,14/DG
-0.12049119174480438,AGATGACTCGCCCACG-1,0/HYL
-0.5742957144975662,AGATGAGGGTTGCGAT-1,3/CA1
0.0,AGATGATGGAGTCTGG-1,5/II_III_IV
-0.12049119174480438,AGATGCAAGACGTGCA-1,1/PIR
-0.12049119174480438,AGATGCATCCTGTGTC-1,9/COA
0.0,AGATGCTATAACGAGC-1,7/MB
-0.12049119174480438,AGATTATAGGACGTTT-1,4/TH
-0.12049119174480438,AGATTCACAACCGATA-1,1/PIR
-0.12049119174480438,AGCAAAGGCCGCTAGT-1,5/II_III_IV
-0.12049119174480438,AGCAACATATCTTATT-1,6/RSP
-0.5742957144975662,AGCAACCGAAAGTAAT-1,1/PIR
-0.12049119174480438,AGCACCAGTACTCACG-1,0/HYL
0.0,AGCACTACCGGCCTGT-1,0/HYL
-0.45380452275276184,AGCACTACCTCACCAG-1,5/II_III_IV
-0.12049119174480438,AGCACTTAAGGACGCC-1,4/TH
-0.5742957144975662,AGCAGCCAGATGAATA-1,8/V_VIa_VIb
-0.45380452275276184,AGCATATCAATATGCT-1,10/I
-0.12049119174480438,AGCATCATTTCGAAAG-1,9/COA
-0.12049119174480438,AGCATCGTCGATAATT-1,0/HYL
-0.12049119174480438,AGCCAAGCTTTGTGTC-1,5/II_III_IV
-0.12049119174480438,AGCCACTCCCGTGCTT-1,3/CA1
-0.12049119174480438,AGCCCATACATGTAAG-1,2/fxs
1.1928376356760662,AGCCCGGCATTAGAGG-1,1/PIR
-0.12049119174480438,AGCCCGGTAGCCTGTA-1,1/PIR
-0.12049119174480438,AGCCCTCCCTGGTGGC-1,10/I
0.0,AGCCCTTCTAATCCGA-1,6/RSP
-0.12049119174480438,AGCCGCAAATTCAAAT-1,9/COA
-0.12049119174480438,AGCCGCTTGATTAGCG-1,7/MB
-0.12049119174480438,AGCCTAATACCCACGT-1,9/COA
0.0,AGCCTTAAAGCGGAAG-1,0/HYL
-0.12049119174480438,AGCGACAGGAACGGTC-1,3/CA1
-0.12049119174480438,AGCGACATCCCATTCA-1,7/MB
0.0,AGCGACCAACGATATT-1,4/TH
-0.5742957144975662,AGCGCATAATGAATCG-1,8/V_VIa_VIb
0.0,AGCGCGGGTGCCAATG-1,2/fxs
0.0,AGCGGACACTTCGTAG-1,5/II_III_IV
-0.12049119174480438,AGCGGCGGTTAGCGGT-1,1/PIR
-0.12049119174480438,AGCGGGAAGGGTCCAT-1,7/MB
-0.12049119174480438,AGCGGTTGCCGCTCTG-1,10/I
-0.45380452275276184,AGCGTGGTATTCTACT-1,15/CA1-pyramidal layer of the hippocampus
-0.12049119174480438,AGCTAACAAGCAATGT-1,1/PIR
0.0,AGCTAGAAGCAGAAGT-1,8/V_VIa_VIb
-0.12049119174480438,AGCTATTTAATCCAAC-1,3/CA1
-0.45380452275276184,AGCTCCTTCGCACATC-1,5/II_III_IV
-0.12049119174480438,AGCTCTAGACGTTCCA-1,3/CA1
-0.12049119174480438,AGCTCTTCCCAGTGCA-1,2/fxs
0.0,AGCTCTTCGTAACCTT-1,5/II_III_IV
0.0,AGCTCTTTACTCAGTT-1,0/HYL
0.0,AGCTGAAGTAAACCAA-1,2/fxs
-0.12049119174480438,AGCTGTAACCTCAATC-1,9/COA
-0.12049119174480438,AGCTTGATCTTAACTT-1,2/fxs
0.0,AGGAACGAACGACTTC-1,1/PIR
0.0,AGGAAGCTGTCCGCCG-1,5/II_III_IV
-0.12049119174480438,AGGACAGTCGAATCCC-1,8/V_VIa_VIb
-0.12049119174480438,AGGACATCGCACGTCG-1,2/fxs
-0.12049119174480438,AGGACATCGGCACACT-1,1/PIR
11.257918993631998,AGGACGACCCATTAGA-1,2/fxs
-0.12049119174480438,AGGACGCTCGATGTTG-1,6/RSP
-0.12049119174480438,AGGACTTATAGGAGAA-1,7/MB
-0.12049119174480438,AGGATAAAGTCGGGAT-1,8/V_VIa_VIb
-0.12049119174480438,AGGATATAGGGATTTA-1,5/II_III_IV
-0.12049119174480438,AGGATCACGCGATCTG-1,9/COA
-0.12049119174480438,AGGCAGATGCGTAAAC-1,15/CA1-pyramidal layer of the hippocampus
-0.5742957144975662,AGGCAGGGAGCGTACT-1,8/V_VIa_VIb
0.0,AGGCATTGTCGTAGGG-1,10/I
-0.5742957144975662,AGGCCACCCGTTATGA-1,4/TH
-0.12049119174480438,AGGCCCATTGTACAGG-1,7/MB
0.0,AGGCGGTTTGTCCCGC-1,1/PIR
-0.12049119174480438,AGGCGTCTATGGACGG-1,5/II_III_IV
0.0,AGGCTATGGTTAGCTT-1,4/TH
-0.5742957144975662,AGGCTTCCCGAAGAAG-1,11/CA3
0.0,AGGCTTGCTAGACACC-1,0/HYL
-0.5742957144975662,AGGGAAACGAGGTACT-1,6/RSP
0.0,AGGGACCGGCTGCGTT-1,10/I
-0.12049119174480438,AGGGACTCTACGCGAC-1,8/V_VIa_VIb
-0.12049119174480438,AGGGAGACATACTTCG-1,10/I
-0.12049119174480438,AGGGCGAGCAGCTGAT-1,13/VL
0.0,AGGGCGTGATCGGCTA-1,12/Parafascicular nucleus
-0.5742957144975662,AGGGCTGCAGTTACAG-1,11/CA3
-0.12049119174480438,AGGGTCAGAGCACTCG-1,10/I
-0.12049119174480438,AGGGTCAGTAACCCTA-1,10/I
-0.12049119174480438,AGGGTCGATGCGAACT-1,6/RSP
-0.12049119174480438,AGGGTGCCGTTCTTTA-1,1/PIR
0.0,AGGGTGCTCTCGAGGG-1,8/V_VIa_VIb
0.0,AGGGTGGATAGTGCAT-1,0/HYL
0.0,AGGGTTCCCTTTGGTT-1,15/CA1-pyramidal layer of the hippocampus
0.0,AGGGTTTAGTTCGGGA-1,4/TH
-0.12049119174480438,AGGTAACCTCCTATTC-1,7/MB
-0.12049119174480438,AGGTAGATCGAGATAT-1,1/PIR
-0.12049119174480438,AGGTAGGTACAAAGCT-1,0/HYL
0.0,AGGTATAATTGATAGT-1,5/II_III_IV
-0.12049119174480438,AGGTCGCGGAGTTACT-1,6/RSP
0.0,AGGTGGTGACCTTCGC-1,5/II_III_IV
-0.12049119174480438,AGGTGTATCGCCATGA-1,2/fxs
0.0,AGGTGTTGCCGACCAC-1,1/PIR
-0.12049119174480438,AGGTTGAGGCACGCTT-1,3/CA1
-0.12049119174480438,AGGTTTCACACACCTT-1,3/CA1
-0.12049119174480438,AGTAATGTCTTGCCGC-1,7/MB
0.0,AGTACATCATTTATCA-1,5/II_III_IV
-0.12049119174480438,AGTACGGCCCGTATCG-1,2/fxs
-0.12049119174480438,AGTACGGGCACCTGGC-1,3/CA1
-0.12049119174480438,AGTAGGAAGGAAGTTG-1,6/RSP
-0.12049119174480438,AGTAGGTAACATACAT-1,7/MB
-0.12049119174480438,AGTATAATACTAGGCA-1,4/TH
0.0,AGTATACACAGCGACA-1,5/II_III_IV
0.0,AGTATGCTGGAGACCA-1,1/PIR
-0.45380452275276184,AGTATTTGGCACGACC-1,6/RSP
0.0,AGTCAAATGATGTGAT-1,10/I
-0.12049119174480438,AGTCAACACCACCATC-1,0/HYL
0.0,AGTCAAGATGACACTT-1,5/II_III_IV
0.0,AGTCAGCCACCGCCTG-1,7/MB
-0.12049119174480438,AGTCCATTGGCTGATG-1,5/II_III_IV
-0.12049119174480438,AGTCCCGCCTTTAATT-1,6/RSP
-0.12049119174480438,AGTCGACGGTCTCAAG-1,8/V_VIa_VIb
-0.12049119174480438,AGTCGGCCCAAACGAC-1,4/TH
0.0,AGTCTAAAGTATACTC-1,5/II_III_IV
-0.12049119174480438,AGTCTCACAAGACTAC-1,1/PIR
0.0,AGTCTGGACATCCTTG-1,0/HYL
-0.12049119174480438,AGTCTTCTCCTCAAAT-1,0/HYL
-0.12049119174480438,AGTGAACAAACTTCTC-1,5/II_III_IV
0.0,AGTGACCTACTTTACG-1,11/CA3
-0.12049119174480438,AGTGACTGTGACACAA-1,10/I
-0.12049119174480438,AGTGAGACTTCCAGTA-1,3/CA1
-0.12049119174480438,AGTGAGCCTCGCCGCC-1,6/RSP
0.0,AGTGATATGAGTAGTT-1,11/CA3
-0.12049119174480438,AGTGATTCAAGCAGGA-1,15/CA1-pyramidal layer of the hippocampus
-0.12049119174480438,AGTGCGTAGCTCGTAA-1,11/CA3
0.0,AGTGCTTGCACGAATA-1,8/V_VIa_VIb
0.0,AGTGGCGGCAATTTGA-1,2/fxs
-0.12049119174480438,AGTGGCTCCGTCGGCC-1,13/VL
-0.12049119174480438,AGTGGTGTTACCCGTG-1,9/COA
-0.12049119174480438,AGTGGTTGCGTATAGG-1,9/COA
0.0,AGTGTATTGCGCATTG-1,6/RSP
-0.12049119174480438,AGTGTGCTAAGATCGC-1,7/MB
0.0,AGTGTGGTCTATTGTG-1,0/HYL
0.0,AGTTAAACACTTGCGA-1,0/HYL
-0.12049119174480438,AGTTAAGCGGTCCCGG-1,6/RSP
-0.12049119174480438,AGTTACCCTTAAGACT-1,7/MB
-0.12049119174480438,AGTTACCGCACATGGT-1,0/HYL
-0.12049119174480438,AGTTACTCTATCGTGG-1,6/RSP
-0.12049119174480438,AGTTCACCGGTTGGAC-1,0/HYL
0.0,AGTTCCTACAGAATTA-1,4/TH
-0.12049119174480438,AGTTCCTATTTATGTT-1,3/CA1
-0.12049119174480438,AGTTCTGCGTTGTATC-1,7/MB
0.0,AGTTGACGGTCCTTGC-1,10/I
0.0,AGTTGCTGACTGATAT-1,7/MB
0.0,AGTTTGCACCTGCCTC-1,5/II_III_IV
-0.12049119174480438,AGTTTGGCCAGACCTA-1,2/fxs
-0.12049119174480438,ATAAACGGACCCGTAA-1,11/CA3
-0.12049119174480438,ATAAAGGCTCGGTCGT-1,4/TH
6.03867753346761,ATAAATATTAGCAGCT-1,0/HYL
-0.12049119174480438,ATAACGCCGGAGGGTC-1,3/CA1
-0.12049119174480438,ATAACGGAGTCCAACG-1,3/CA1
-0.12049119174480438,ATAAGGTGGAGAACAT-1,8/V_VIa_VIb
-0.5742957144975662,ATAAGTAGGATTCAGA-1,6/RSP
-0.12049119174480438,ATAAGTAGGGCGACTC-1,5/II_III_IV
0.0,ATAAGTTACCGCGACG-1,11/CA3
0.0,ATAATACCGTTAGCCG-1,7/MB
0.0,ATAATAGCTGTTGAAT-1,11/CA3
0.0,ATAATAGTGTAGGGAC-1,12/Parafascicular nucleus
-0.45380452275276184,ATAATTAGCTAAGTAG-1,10/I
0.0,ATACAGGCCCTCCAAT-1,5/II_III_IV
-0.12049119174480438,ATACCACGGGCAACTT-1,0/HYL
-0.12049119174480438,ATACCTAACCAAGAAA-1,6/RSP
-0.12049119174480438,ATACGCCGGCGAAACC-1,15/CA1-pyramidal layer of the hippocampus
7.499461809794108,ATACGGAACGTCGTTT-1,1/PIR
-0.12049119174480438,ATACGGGTTTCGATTG-1,6/RSP
-0.12049119174480438,ATACGGTGAAGATGCA-1,2/fxs
-0.12049119174480438,ATACGTACTTAGCCAC-1,5/II_III_IV
-0.12049119174480438,ATACGTCCACTCCTGT-1,5/II_III_IV
-0.45380452275276184,ATACGTTATGCACGGA-1,5/II_III_IV
-0.12049119174480438,ATACTAGCATGACCCT-1,0/HYL
0.0,ATACTTGTTCTCGAGC-1,2/fxs
0.0,ATAGACAACGGGACCT-1,2/fxs
-0.12049119174480438,ATAGACGAAGAGAAAG-1,4/TH
-0.12049119174480438,ATAGAGTACTGGGACA-1,4/TH
0.0,ATAGAGTTATCAACTT-1,2/fxs
-0.12049119174480438,ATAGCCTCAGTACCCA-1,7/MB
-0.12049119174480438,ATAGCTGCTCTTGTTA-1,0/HYL
-0.12049119174480438,ATAGGCGGCTATAGAA-1,2/fxs
0.0,ATAGGCTAGCTTCGCA-1,8/V_VIa_VIb
-0.12049119174480438,ATAGGGATATCCTTGA-1,3/CA1
-0.12049119174480438,ATAGGTTGGGCAGATG-1,0/HYL
-0.12049119174480438,ATAGTGAAGCGTTCTC-1,11/CA3
-0.12049119174480438,ATAGTTCCACCCACTC-1,5/II_III_IV
-0.12049119174480438,ATATAAAGCGCTCGTG-1,5/II_III_IV
0.0,ATATAAATGTAGCTGC-1,6/RSP
0.0,ATATACATGTATGGTA-1,9/COA
0.0,ATATAGAGTATTGGTC-1,10/I
-0.12049119174480438,ATATCAACCTACAGAG-1,5/II_III_IV
-0.12049119174480438,ATATCAATTCCAGCCT-1,1/PIR
0.0,ATATCGGTAGGGAGAT-1,10/I
-0.12049119174480438,ATATCTCCCTCGTTAA-1,2/fxs
-0.5742957144975662,ATATCTTAGGGCCTTC-1,4/TH
-0.12049119174480438,ATATGTCTCCCTAGCC-1,6/RSP
-0.12049119174480438,ATATTCAGTTAAACCT-1,2/fxs
-0.12049119174480438,ATATTCCACATAGTGA-1,6/RSP
-0.12049119174480438,ATATTGCTGTCAAAGT-1,12/Parafascicular nucleus
0.0,ATATTTAACCCTCAAG-1,4/TH
-0.12049119174480438,ATCAAACGAAGGTTTG-1,3/CA1
-0.12049119174480438,ATCAATCTGGGCTGCA-1,4/TH
-0.12049119174480438,ATCAATGCCGTGGCTG-1,1/PIR
-0.12049119174480438,ATCACATTAGAATATC-1,2/fxs
-0.12049119174480438,ATCACGTGCTAATTAA-1,3/CA1
-0.12049119174480438,ATCACTTCATCCTCGC-1,0/HYL
0.0,ATCAGACGGCACGCCG-1,2/fxs
-0.12049119174480438,ATCAGCTCGTCCACTA-1,9/COA
0.0,ATCAGTAGGCAGGGAT-1,2/fxs
-0.12049119174480438,ATCATCCAATATTTGT-1,11/CA3
-0.12049119174480438,ATCCAACGCAGTCATA-1,4/TH
-0.12049119174480438,ATCCAATGGAGGGTCC-1,2/fxs
-0.12049119174480438,ATCCAATGGTACCGAA-1,9/COA
-0.12049119174480438,ATCCACATCGACAGAA-1,10/I
0.0,ATCCAGAGCAACAACC-1,11/CA3
0.0,ATCCAGGATTCGTGAA-1,0/HYL
0.0,ATCCCATCCACAGCGC-1,1/PIR
-0.12049119174480438,ATCCGGACCAGCCTGA-1,1/PIR
-0.12049119174480438,ATCCTACCTAAGCTCT-1,11/CA3
-0.5742957144975662,ATCCTGAATCGCTGCG-1,0/HYL
-0.12049119174480438,ATCCTGCGTGGAATGG-1,11/CA3
0.0,ATCGACCCAATACAGA-1,11/CA3
0.0,ATCGACTCTTTCCGTT-1,0/HYL
0.0,ATCGCACGCCGGGAGA-1,0/HYL
0.0,ATCGCTGCGTGCAGCA-1,5/II_III_IV
-0.12049119174480438,ATCGGAGACAGACGGC-1,6/RSP
-0.45380452275276184,ATCGGCAAGCAGTCCA-1,8/V_VIa_VIb
-0.12049119174480438,ATCGGTTACCTAGTAA-1,2/fxs
-0.12049119174480438,ATCGTATTCCGAGAAC-1,2/fxs
1.2218032280604045,ATCGTGGAAAGTCTGG-1,1/PIR
0.0,ATCTAATATCCTACGG-1,6/RSP
2.250912693142891,ATCTCCCTGCAATCTA-1,10/I
-0.12049119174480438,ATCTGACATGGAAGGA-1,1/PIR
-0.12049119174480438,ATCTGATAGTGTCTTA-1,7/MB
-0.12049119174480438,ATCTGCACCTCTGCGA-1,6/RSP
-0.12049119174480438,ATCTGGGCTGTTCTTG-1,5/II_III_IV
-0.12049119174480438,ATCTGGTTAAGACTGT-1,3/CA1
-0.12049119174480438,ATCTGTAATTGTACCC-1,7/MB
-0.12049119174480438,ATCTTGACCTGCAACG-1,4/TH
0.0,ATCTTGACTTGTCCAA-1,5/II_III_IV
-0.12049119174480438,ATGAAGCCAAGGAGCC-1,12/Parafascicular nucleus
-0.12049119174480438,ATGAAGTGGACCCAGC-1,2/fxs
-0.12049119174480438,ATGACGCCGGCTCTAA-1,7/MB
-0.12049119174480438,ATGACTATCAGCTGTG-1,1/PIR
0.0,ATGACTATGCGACATT-1,6/RSP
-0.12049119174480438,ATGAGGAGTGTTAATC-1,4/TH
-0.12049119174480438,ATGATCGGGAATAGAC-1,7/MB
0.0,ATGATGCAATGGTACA-1,11/CA3
-0.12049119174480438,ATGCACCTTCCTTAAT-1,7/MB
-0.12049119174480438,ATGCACGCGCTGTTCA-1,1/PIR
-0.12049119174480438,ATGCACTACCGCATTG-1,4/TH
-0.12049119174480438,ATGCATGATCCAGGAT-1,0/HYL
-0.5742957144975662,ATGCCAATCGCTCTGC-1,6/RSP
-0.12049119174480438,ATGCCATTTGCGACCA-1,6/RSP
-0.12049119174480438,ATGCCGGTCTTGCATA-1,14/DG
-0.12049119174480438,ATGCCGGTTGATGGGA-1,2/fxs
-0.12049119174480438,ATGCGACAATTGGTCC-1,3/CA1
-0.12049119174480438,ATGCGACAGTCCCATT-1,14/DG
0.0,ATGCTCAGTGTTGCAT-1,4/TH
0.0,ATGCTCTGGCGCGGTA-1,10/I
-0.12049119174480438,ATGGAAATTTAAGGAG-1,1/PIR
0.0,ATGGAGCAGGCCGTGA-1,11/CA3
-0.12049119174480438,ATGGATCCGGCGTCCG-1,6/RSP
-0.12049119174480438,ATGGATTGACCAAACG-1,4/TH
-0.12049119174480438,ATGGCAGCATTACGAT-1,1/PIR
-0.12049119174480438,ATGGCAGCCGAGAAAC-1,2/fxs
-0.12049119174480438,ATGGGACCTGCTGAAC-1,1/PIR
0.0,ATGGGCCTCGGCCTCT-1,6/RSP
8.078569253285727,ATGGGTGTATACCTCC-1,1/PIR
0.0,ATGGTCGCGTGGTTTC-1,8/V_VIa_VIb
-0.12049119174480438,ATGTAAGGCTGCTCTT-1,10/I
-0.12049119174480438,ATGTCATTTCCCATTG-1,0/HYL
-0.12049119174480438,ATGTGAAAGCCTAATG-1,13/VL
0.0,ATGTGCATCCGACGCA-1,0/HYL
-0.12049119174480438,ATGTGGACATCTTGAT-1,2/fxs
-0.12049119174480438,ATGTTACGAGCAATAC-1,7/MB
-0.12049119174480438,ATGTTCCTGCCCACCT-1,0/HYL
-0.12049119174480438,ATGTTCGTCGACCCAC-1,2/fxs
0.0,ATGTTGTAGTCTGTTT-1,1/PIR
0.0,ATTAAACATGCGGACC-1,11/CA3
-0.12049119174480438,ATTAACACCTGAGATA-1,7/MB
-0.12049119174480438,ATTAATACTACGCGGG-1,0/HYL
-0.12049119174480438,ATTAATGAACCAGTCG-1,15/CA1-pyramidal layer of the hippocampus
-0.12049119174480438,ATTACGCGCTGGCAGG-1,0/HYL
0.0,ATTACTAGCCTCTTGC-1,12/Parafascicular nucleus
0.0,ATTACTTACTGGGCAT-1,8/V_VIa_VIb
-0.12049119174480438,ATTAGATTCCTCAGCA-1,6/RSP
-0.12049119174480438,ATTAGATTGATAGCGG-1,12/Parafascicular nucleus
-0.12049119174480438,ATTAGGCGATGCTTTC-1,3/CA1
-0.12049119174480438,ATTATACTTTGCTCGT-1,6/RSP
-0.12049119174480438,ATTATGCCATAGGGAG-1,0/HYL
-0.12049119174480438,ATTATTATGTCCGTCA-1,1/PIR
0.0,ATTCACTGATGTTGGA-1,6/RSP
0.0,ATTCAGGACCTATTTC-1,6/RSP
-0.12049119174480438,ATTCAGTAGCAGGGTC-1,0/HYL
-0.12049119174480438,ATTCATATACTGTCCA-1,11/CA3
-0.12049119174480438,ATTCCCACATAAACAA-1,0/HYL
-0.12049119174480438,ATTCCCGAAGGTACAG-1,10/I
-0.5742957144975662,ATTCCTAAGACGTGGA-1,6/RSP
-0.12049119174480438,ATTCCTCCGCCAGTGC-1,12/Parafascicular nucleus
-0.5742957144975662,ATTCGACGCCGGGCCT-1,0/HYL
0.0,ATTGAAGATCTTAGTG-1,4/TH
0.0,ATTGACCGGCGATGAC-1,6/RSP
-0.12049119174480438,ATTGATAGCAACGAGA-1,7/MB
-0.12049119174480438,ATTGATCACCACATTT-1,9/COA
-0.12049119174480438,ATTGATGAGTCCTAAC-1,6/RSP
0.0,ATTGCCTATTAGACCG-1,10/I
-0.12049119174480438,ATTGCTGCTCCTCCAT-1,4/TH
-0.12049119174480438,ATTGGGAATATCTTGG-1,9/COA
-0.12049119174480438,ATTGGTAGGATCCGCT-1,7/MB
-0.12049119174480438,ATTGTACAACTCGGCT-1,5/II_III_IV
0.0,ATTGTCGCAATACCTT-1,6/RSP
-0.12049119174480438,ATTTAACTCGTATTAC-1,7/MB
-0.5742957144975662,ATTTACAGTTTACTGG-1,4/TH
0.0,ATTTACTAAGTCCATT-1,5/II_III_IV
-0.12049119174480438,ATTTCATTATTTCGCG-1,3/CA1
-0.12049119174480438,ATTTCCGGGTTCTGCG-1,2/fxs
-0.12049119174480438,ATTTGCGCGAGTAGCT-1,2/fxs
-0.12049119174480438,ATTTGGAGATTGCGGT-1,1/PIR
-0.12049119174480438,ATTTGTCTTGGGAGCT-1,9/COA
-0.12049119174480438,ATTTGTTCCAGGGCTC-1,3/CA1
-0.12049119174480438,CAAACCAGGTCTGCAT-1,9/COA
0.0,CAAACGAGTATCGCAG-1,11/CA3
0.0,CAAACGGTCGCACTTT-1,4/TH
8.585982004801432,CAAAGATTATTGGGCC-1,1/PIR
0.0,CAAATGTCCTTCCGTG-1,11/CA3
0.0,CAAATTGGATTATGCC-1,5/II_III_IV
0.0,CAACCGCACCTAGACA-1,7/MB
0.0,CAACGACCCGTTTACA-1,12/Parafascicular nucleus
-0.12049119174480438,CAACGGTTCTTGATAC-1,12/Parafascicular nucleus
-0.12049119174480438,CAACTATATCGAATGC-1,6/RSP
0.0,CAACTCCTTGATCCCG-1,12/Parafascicular nucleus
-0.12049119174480438,CAACTGCTCATCCGAT-1,6/RSP
-0.12049119174480438,CAAGAGGGCGGAGTAC-1,2/fxs
0.0,CAAGATATTATAACGT-1,6/RSP
8.966274579366049,CAAGCAACGTCGGAGT-1,4/TH
-0.12049119174480438,CAAGCACCAAATGCCT-1,7/MB
0.0,CAAGCGGCACATAATT-1,6/RSP
-0.12049119174480438,CAAGGATCGCATGTTC-1,3/CA1
0.0,CAAGGTCCTATAGGCT-1,5/II_III_IV
-0.12049119174480438,CAAGTGTGGTTGCAAA-1,6/RSP
-0.12049119174480438,CAATAAACCTTGGCCC-1,14/DG
-0.12049119174480438,CAATATTCTTGACCTA-1,2/fxs
-0.12049119174480438,CAATCCTGCCGTGGAG-1,7/MB
-0.5742957144975662,CAATGCGAGAAGTATC-1,5/II_III_IV
-0.12049119174480438,CAATGGATCTCTACCA-1,3/CA1
-0.12049119174480438,CAATTAAGGGTGATGA-1,0/HYL
-0.12049119174480438,CAATTGGGCCGCACTC-1,1/PIR
-0.45380452275276184,CAATTTCGTATAAGGG-1,11/CA3
-0.12049119174480438,CACAAGAAAGATATTA-1,6/RSP
-0.12049119174480438,CACAATGAGCTGCTAT-1,2/fxs
-0.12049119174480438,CACACAGGGATAGATT-1,0/HYL
-0.12049119174480438,CACACGCGCTGTCTTA-1,3/CA1
-0.12049119174480438,CACAGAGACGAGGACG-1,1/PIR
-0.12049119174480438,CACAGCACCCACGGCA-1,4/TH
0.0,CACAGCTAGGGAGTGA-1,0/HYL
-0.12049119174480438,CACAGGGCCGTTGTCA-1,5/II_III_IV
-0.12049119174480438,CACATATTAGCAGGAT-1,2/fxs
-0.12049119174480438,CACATCGTGCACGCGC-1,1/PIR
0.0,CACATCTCACCGACGA-1,5/II_III_IV
0.0,CACATGATTCAGCAAC-1,11/CA3
-0.12049119174480438,CACATTCTTTCGATGG-1,6/RSP
-0.12049119174480438,CACCAATCATCCGTCT-1,1/PIR
-0.12049119174480438,CACCAGTCAGCATGCA-1,1/PIR
-0.12049119174480438,CACCCAAATCTTATGT-1,5/II_III_IV
-0.12049119174480438,CACCCACACGTCACCC-1,12/Parafascicular nucleus
0.0,CACCCACGAGGCAATT-1,2/fxs
-0.12049119174480438,CACCCGGTTTGTGACT-1,3/CA1
-0.12049119174480438,CACCCTAACAAGATCT-1,5/II_III_IV
-0.12049119174480438,CACCCTTGGTGAGACC-1,9/COA
-0.12049119174480438,CACCGCCAGAAGGTTT-1,4/TH
-0.45380452275276184,CACCGCGTCCACTCTA-1,6/RSP
-0.12049119174480438,CACCGGTAGAGACATT-1,10/I
-0.12049119174480438,CACCGTTAGGGATCAC-1,3/CA1
-0.12049119174480438,CACCGTTGCGCGATAT-1,2/fxs
0.0,CACCTAATAGAGTCGT-1,7/MB
-0.12049119174480438,CACCTAATCAGTTTAC-1,10/I
3.884736056129138,CACCTCGATGGTGGAC-1,3/CA1
0.0,CACCTTGCGAAACTCG-1,3/CA1
-0.12049119174480438,CACCTTGGCGCCTTTG-1,5/II_III_IV
8.761774063110352,CACGAAAGTTAGTCCC-1,0/HYL
-0.12049119174480438,CACGCACAGCGCAGCT-1,14/DG
-0.12049119174480438,CACGCAGCGAGGCTTT-1,4/TH
-0.12049119174480438,CACGCGGAACTGTTGC-1,5/II_III_IV
-0.12049119174480438,CACGGCGCGCCAAAGG-1,6/RSP
0.0,CACGGGATTGAGGGTT-1,0/HYL
-0.12049119174480438,CACGTCGGCAACCTCT-1,11/CA3
-0.12049119174480438,CACGTCGGGTTCTAGA-1,7/MB
-0.12049119174480438,CACGTTCGTGCTCTAG-1,3/CA1
0.0,CACTAAAGTTGCCTAT-1,4/TH
-0.12049119174480438,CACTCAAGAGCTATGG-1,4/TH
-0.12049119174480438,CACTCCTATGTAAGAT-1,1/PIR
-0.12049119174480438,CACTCCTCTCGGTCGG-1,6/RSP
-0.12049119174480438,CACTCGAGCTGAACAA-1,8/V_VIa_VIb
-0.12049119174480438,CACTCGGTTAGGAGGA-1,2/fxs
-0.12049119174480438,CACTGACGATTGTGGA-1,5/II_III_IV
-0.12049119174480438,CACTGTCCAAGTGAGA-1,12/Parafascicular nucleus
-0.12049119174480438,CACTTAATCAGACGGA-1,4/TH
-0.45380452275276184,CACTTCGCCACAGGCT-1,12/Parafascicular nucleus
6.334979216257731,CACTTCGTCTTATCTC-1,7/MB
-0.12049119174480438,CAGAACTTAGCCCTCT-1,5/II_III_IV
-0.12049119174480438,CAGACACCGATCGCTG-1,2/fxs
-0.12049119174480438,CAGACCTGTAAGTGTT-1,8/V_VIa_VIb
-0.12049119174480438,CAGACGAACCTGATAC-1,11/CA3
-0.12049119174480438,CAGAGACGGTCACCCA-1,2/fxs
-0.12049119174480438,CAGAGCATGAGCTTGC-1,3/CA1
-0.12049119174480438,CAGAGGCGATGCATGA-1,2/fxs
-0.12049119174480438,CAGATACTAACATAGT-1,4/TH
0.0,CAGATATGAAGATGAC-1,10/I
-0.12049119174480438,CAGATCATTTAAAGTC-1,6/RSP
-0.12049119174480438,CAGATCCTGGTTTGAA-1,1/PIR
-0.12049119174480438,CAGATGTTTGTCCCAA-1,1/PIR
0.0,CAGCAGCCCGTTCCTT-1,3/CA1
0.0,CAGCCTCCTGCAGAGG-1,3/CA1
-0.12049119174480438,CAGCCTCTCCTCAAGA-1,6/RSP
-0.12049119174480438,CAGCGATTCCCTTCAA-1,3/CA1
-0.12049119174480438,CAGCGCCAACACGATA-1,9/COA
0.0,CAGCTCACTGAGACAT-1,4/TH
0.0,CAGCTCGACAAGTTAA-1,3/CA1
-0.12049119174480438,CAGCTCGTGCTTGTGT-1,7/MB
0.0,CAGCTGGCGTAACCGT-1,13/VL
-0.5742957144975662,CAGCTTAGTAGGTAGC-1,0/HYL
-0.45380452275276184,CAGGAAGACTTTATAT-1,3/CA1
0.0,CAGGATATATCGTTGT-1,11/CA3
0.0,CAGGCCGTTTGGGTGT-1,0/HYL
-0.5742957144975662,CAGGCGCACGGTGGTC-1,1/PIR
-0.12049119174480438,CAGGCGCCATGCTAGG-1,8/V_VIa_VIb
0.0,CAGTAACTATTTATTG-1,6/RSP
0.0,CAGTAATCCCTCCCAG-1,0/HYL
-0.12049119174480438,CAGTACATTCTCTAAA-1,6/RSP
-0.12049119174480438,CAGTAGATGATGTCCG-1,7/MB
-0.12049119174480438,CAGTAGCCCACGCGGT-1,2/fxs
-0.12049119174480438,CAGTCGAGGATGCAAT-1,8/V_VIa_VIb
-0.12049119174480438,CAGTCGGCCTAGATAT-1,9/COA
-0.12049119174480438,CAGTCTGTATACTGGG-1,3/CA1
0.0,CAGTGAATAAATGACT-1,15/CA1-pyramidal layer of the hippocampus
0.0,CAGTGGTTGCACATGA-1,7/MB
-0.12049119174480438,CAGTGTCCGCAGAATG-1,2/fxs
0.0,CAGTGTCGGCTGGCCC-1,10/I
-0.12049119174480438,CAGTTCAAATTGACAC-1,4/TH
0.0,CAGTTCCGCGGGTCGA-1,0/HYL
-0.12049119174480438,CATAACGGACAGTCGT-1,8/V_VIa_VIb
0.0,CATAAGAAGCTTGGCT-1,5/II_III_IV
-0.12049119174480438,CATAAGCTCTCCGTCT-1,13/VL
-0.12049119174480438,CATACAAAGCCGAACC-1,7/MB
-0.12049119174480438,CATACACAAAGTCAGC-1,1/PIR
-0.12049119174480438,CATACACGGTTCCCAC-1,5/II_III_IV
-0.12049119174480438,CATACCCGTACCCAGT-1,0/HYL
-0.12049119174480438,CATACGAACTAGCTGG-1,1/PIR
0.0,CATACGGCGTCTGGGC-1,11/CA3
-0.5742957144975662,CATACTATGTAATTGT-1,4/TH
-0.12049119174480438,CATACTTCTTTCTCCG-1,10/I
-0.12049119174480438,CATAGCCGCCCGGGAT-1,0/HYL
-0.12049119174480438,CATAGCGTTGCCCACC-1,2/fxs
-0.12049119174480438,CATAGTACATTGAGAG-1,6/RSP
0.0,CATAGTAGCATAGTAG-1,12/Parafascicular nucleus
-0.12049119174480438,CATAGTCCACAAGAAC-1,2/fxs
-0.12049119174480438,CATATACTACTGATAA-1,6/RSP
0.0,CATATAGGTACAGTCA-1,11/CA3
-0.12049119174480438,CATCAACACCTACTAA-1,7/MB
0.0,CATCATTACCCTGAGG-1,10/I
-0.12049119174480438,CATCCAATATAGTTTG-1,10/I
-0.45380452275276184,CATCCGCAGGCCCGAA-1,7/MB
-0.12049119174480438,CATCGCCCGCGGCCAA-1,7/MB
-0.12049119174480438,CATCGGACGGGTTAAT-1,11/CA3
-0.12049119174480438,CATCGTCCGGTTACTA-1,0/HYL
-0.12049119174480438,CATCTATCCCGTGTCT-1,6/RSP
-0.5742957144975662,CATCTGCAGGATCATT-1,0/HYL
-0.12049119174480438,CATCTTACACCACCTC-1,6/RSP
-0.12049119174480438,CATGACTTCGCTGAAT-1,5/II_III_IV
0.0,CATGAGATGCACTCTC-1,10/I
-0.12049119174480438,CATGATGCACAATTCT-1,0/HYL
-0.12049119174480438,CATGATGGAAGTTAGC-1,10/I
-0.12049119174480438,CATGCCAACTCGCAAA-1,13/VL
0.0,CATGCGACCAGTTTAA-1,8/V_VIa_VIb
-0.12049119174480438,CATGGCAGGAAGATCG-1,7/MB
-0.12049119174480438,CATGGCTCCCTATGTC-1,7/MB
-0.12049119174480438,CATGGGTATGCCTTAT-1,5/II_III_IV
-0.12049119174480438,CATGGGTCGGGTGTGG-1,2/fxs
-0.45380452275276184,CATGGTAAGTAGCGTT-1,3/CA1
-0.12049119174480438,CATGGTATTAGTTTGT-1,1/PIR
0.0,CATGGTCTAGATACCG-1,2/fxs
-0.12049119174480438,CATGTAAGAGACATTT-1,10/I
-0.12049119174480438,CATGTAGGAGCGCCAA-1,3/CA1
0.0,CATGTCTCATTTATGG-1,6/RSP
-0.12049119174480438,CATTACGTCGGCCCGT-1,0/HYL
-0.12049119174480438,CATTATCCCATTAACG-1,10/I
0.0,CATTATGCTTGTTGTG-1,4/TH
-0.12049119174480438,CATTCCCTAAGTACAA-1,7/MB
-0.12049119174480438,CATTGCGAAATGGGCG-1,2/fxs
0.0,CATTGCGGGTCAATTC-1,10/I
1.0412313292423885,CATTGTGTGCTAGATC-1,7/MB
0.0,CATTTAGCGGACCATG-1,3/CA1
0.0,CATTTCTAGCAGACTA-1,7/MB
-0.12049119174480438,CATTTGAGTGGTACGT-1,11/CA3
0.0,CCAAACAGAACCCTCG-1,12/Parafascicular nucleus
-0.12049119174480438,CCAACCTTATGTAACT-1,10/I
1.0371551464001338,CCAACGATGCACTGAT-1,4/TH
-0.12049119174480438,CCAAGAAAGTGGGCGA-1,2/fxs
-0.12049119174480438,CCAAGACTTCTGCGAA-1,0/HYL
-0.12049119174480438,CCAAGCGTAACTCGTA-1,14/DG
-0.12049119174480438,CCAAGGAACAGAGAGG-1,7/MB
-0.12049119174480438,CCAAGTTTCTACAGAT-1,7/MB
-0.12049119174480438,CCAATAGATTTCATCT-1,2/fxs
1.3854971329371135,CCAATAGTGCCGTCGA-1,4/TH
-0.12049119174480438,CCAATCGGTAGATCGA-1,3/CA1
-0.12049119174480438,CCAATGTCACAGCAAG-1,4/TH
-0.45380452275276184,CCAATTACGGGTCGAG-1,6/RSP
-0.12049119174480438,CCAATTGAATGTTAAT-1,12/Parafascicular nucleus
-0.12049119174480438,CCACAATGTACGTCTT-1,3/CA1
-0.12049119174480438,CCACACTGAGATATTA-1,4/TH
-0.12049119174480438,CCACAGTACCCATCCT-1,5/II_III_IV
-0.12049119174480438,CCACATGGCTCTTTAT-1,1/PIR
-0.12049119174480438,CCACCAACTTTACTGT-1,3/CA1
-0.12049119174480438,CCACCCAAGGAAAGTG-1,3/CA1
-0.12049119174480438,CCACGAGAAGAGAATC-1,6/RSP
-0.12049119174480438,CCACGGTGCCCGGTAG-1,5/II_III_IV
-0.12049119174480438,CCACTGGTGGCTGGTT-1,2/fxs
-0.12049119174480438,CCAGAAAGCAACTCAT-1,3/CA1
-0.12049119174480438,CCAGAGACAAAGCCGG-1,0/HYL
-0.12049119174480438,CCAGATAGTTGAGTGA-1,3/CA1
0.0,CCAGCCTGGACCAATA-1,11/CA3
0.0,CCAGCTCGAACGCATT-1,10/I
-0.12049119174480438,CCAGCTGATGGTACTT-1,2/fxs
-0.12049119174480438,CCAGCTTCCGCCCGCA-1,0/HYL
0.0,CCAGGGACGTGGCCTC-1,4/TH
0.0,CCAGTAGTCTGATCCA-1,2/fxs
-0.12049119174480438,CCAGTCAAATCTCTTA-1,9/COA
0.0,CCAGTCTAGACGGCGC-1,6/RSP
-0.12049119174480438,CCAGTCTTGTCATAGA-1,6/RSP
-0.12049119174480438,CCATAAACAACCCGAC-1,13/VL
-0.12049119174480438,CCATAACCTGTGCAGT-1,1/PIR
-0.12049119174480438,CCATACCTTTACTTGT-1,6/RSP
0.0,CCATACTCGCCTCTCC-1,9/COA
0.0,CCATAGAGGCTGCCAG-1,1/PIR
-0.12049119174480438,CCATAGGTTGGCGTGG-1,7/MB
0.0,CCATAGTCAGTAACCC-1,7/MB
-0.12049119174480438,CCATATTGGATCATGA-1,7/MB
-0.12049119174480438,CCATCCATACCAAGTC-1,7/MB
-0.12049119174480438,CCATCGCAGTTAAACT-1,2/fxs
-0.12049119174480438,CCATCTCACCAGTGAA-1,6/RSP
0.0,CCATGCCTGTTTAGTA-1,4/TH
-0.12049119174480438,CCATGCTCTGCAGGAA-1,12/Parafascicular nucleus
1.2286078135172527,CCATGGCCCTTGTACC-1,0/HYL
-0.5742957144975662,CCATTAGCGATAATCC-1,4/TH
-0.45380452275276184,CCATTCCCTGCCCACA-1,4/TH
0.0,CCATTTCTACCTATTA-1,6/RSP
0.0,CCCAAACATGCTGCTC-1,3/CA1
-0.12049119174480438,CCCAACATACGTCGCG-1,2/fxs
-0.12049119174480438,CCCAATGAGATTTGCA-1,1/PIR
-0.12049119174480438,CCCAATTTCACAACTT-1,0/HYL
-0.12049119174480438,CCCACTCCACGGTATC-1,1/PIR
0.0,CCCAGAGGAGGGCGTA-1,6/RSP
-0.12049119174480438,CCCAGTAAACTTGGGA-1,1/PIR
-0.12049119174480438,CCCAGTTAAGGCGCCG-1,2/fxs
-0.12049119174480438,CCCGAAGTTTCGCGAA-1,9/COA
-0.12049119174480438,CCCGACCATAGTCCGC-1,3/CA1
-0.12049119174480438,CCCGCAGCGCGAACTA-1,2/fxs
-0.12049119174480438,CCCGCCATGCTCCCGT-1,12/Parafascicular nucleus
0.0,CCCGCGCAATGCACCC-1,0/HYL
-0.12049119174480438,CCCGGGTCGTTCAGGG-1,5/II_III_IV
-0.12049119174480438,CCCGGTGGAAGAACCT-1,0/HYL
-0.5742957144975662,CCCGGTGTATCGGAAT-1,9/COA
-0.12049119174480438,CCCGTAAGTCTAGGCC-1,0/HYL
-0.12049119174480438,CCCGTAGCTGGGAAGA-1,8/V_VIa_VIb
-0.12049119174480438,CCCGTCAGCGTCTGAC-1,12/Parafascicular nucleus
-0.12049119174480438,CCCGTGAGGGCGGTGA-1,9/COA
-0.12049119174480438,CCCTAGGCAACAAGAG-1,9/COA
-0.12049119174480438,CCCTATGTAGAGCAGA-1,1/PIR
-0.12049119174480438,CCCTCAAGCTCTTAGT-1,0/HYL
0.0,CCCTCATTCTGGAATT-1,7/MB
-0.5742957144975662,CCCTGAAATGAGTTGA-1,4/TH
-0.12049119174480438,CCCTGACTAACAAATT-1,13/VL
-0.5742957144975662,CCCTGATGTAACTCGT-1,7/MB
-0.12049119174480438,CCCTGCCCAATCCGCT-1,2/fxs
-0.5742957144975662,CCCTGCGCTACGCATA-1,0/HYL
-0.12049119174480438,CCCTGGCTGTTCCTTC-1,9/COA
-0.12049119174480438,CCCTGTTGGCAAAGAC-1,7/MB
0.0,CCCTTTGACAGGTCTT-1,11/CA3
0.0,CCGAAAGTGGTGAGCA-1,7/MB
-0.12049119174480438,CCGAACACTGGGCCTC-1,13/VL
-0.12049119174480438,CCGAACCTTCCCGGCC-1,2/fxs
-0.12049119174480438,CCGAAGCATTGACCAA-1,10/I
-0.12049119174480438,CCGAAGTATATTGTTC-1,0/HYL
0.0,CCGACAAACACATGAG-1,7/MB
-0.12049119174480438,CCGACAAAGGGAGTGC-1,0/HYL
-0.12049119174480438,CCGACGGGCATGAGGT-1,9/COA
-0.12049119174480438,CCGACGTAAACACAAC-1,6/RSP
0.0,CCGAGCTGTGCTTGTC-1,6/RSP
0.0,CCGATCTCAACCTTAT-1,5/II_III_IV
-0.12049119174480438,CCGATTCGAGGGACCC-1,2/fxs
-0.12049119174480438,CCGCACAAAGACCAAC-1,3/CA1
0.0,CCGCACGTGACCTCGG-1,0/HYL
-0.12049119174480438,CCGCATGTGGTACGAT-1,6/RSP
-0.12049119174480438,CCGCCGGAACTTCTCG-1,1/PIR
-0.12049119174480438,CCGCCTGCGAATTGGT-1,6/RSP
-0.12049119174480438,CCGCCTTGCGATGTCG-1,9/COA
-0.12049119174480438,CCGCGATTTGGTAGGT-1,13/VL
0.0,CCGCGGAATGCGTCAC-1,11/CA3
-0.12049119174480438,CCGCGGGTACGAAGAA-1,0/HYL
-0.45380452275276184,CCGCGTAGGTAAGGGC-1,0/HYL
0.0,CCGCTATCAGCACCAG-1,11/CA3
-0.12049119174480438,CCGCTTACCTCACTCT-1,3/CA1
-0.12049119174480438,CCGCTTGCTGACATGG-1,10/I
0.0,CCGGAAGTTATCAGTC-1,10/I
-0.12049119174480438,CCGGAATGGTTTCAGT-1,4/TH
1.5955657909313838,CCGGAGCGTACTTTCT-1,6/RSP
0.0,CCGGCACGACCGTTTC-1,10/I
-0.12049119174480438,CCGGCCGCGAGCATAT-1,1/PIR
-0.12049119174480438,CCGGCGCATATTGGAT-1,7/MB
-0.12049119174480438,CCGGCGTGAGACTCTG-1,9/COA
-0.12049119174480438,CCGGGACCCGCAGAGA-1,7/MB
-0.12049119174480438,CCGGGCGGTCTCGTCA-1,3/CA1
0.0,CCGGGCTGCTCCATAC-1,3/CA1
-0.12049119174480438,CCGGGTTCGAGGTTAC-1,0/HYL
-0.12049119174480438,CCGGTTTGTAATTGTG-1,2/fxs
-0.12049119174480438,CCGTAAGTTGGTCCCA-1,3/CA1
-0.12049119174480438,CCGTACCCAAGCGCCA-1,7/MB
-0.12049119174480438,CCGTATCTCGTCGTAG-1,9/COA
0.0,CCGTATTAGCGCAGTT-1,6/RSP
-0.12049119174480438,CCGTGCCCATGACGGC-1,7/MB
-0.12049119174480438,CCGTGGAACGATCCAA-1,6/RSP
0.0,CCGTGTTAAATTCCAT-1,3/CA1
0.0,CCGTTACGTTAGAACA-1,2/fxs
-0.12049119174480438,CCGTTCCGAATCTCGG-1,2/fxs
-0.12049119174480438,CCTAAAGGCTGACGCT-1,3/CA1
-0.12049119174480438,CCTAAATTAACGGTTC-1,3/CA1
0.0,CCTAACCCAAACAAGT-1,5/II_III_IV
1.540051261583964,CCTAACTAAGGCTCTA-1,8/V_VIa_VIb
-0.12049119174480438,CCTACATTCACAGACG-1,3/CA1
-0.12049119174480438,CCTACGGCTCAGTCGA-1,12/Parafascicular nucleus
-0.12049119174480438,CCTACTGCTTACACTT-1,4/TH
0.0,CCTAGGCGTAGCGATC-1,2/fxs
0.0,CCTAGGTAAAGGTAGC-1,1/PIR
-0.45380452275276184,CCTATAATGAGTGCCC-1,5/II_III_IV
-0.12049119174480438,CCTATACCGTCCTGTC-1,2/fxs
-0.12049119174480438,CCTATATCGTGTCACG-1,1/PIR
-0.12049119174480438,CCTATATTTGTCCTGG-1,1/PIR
0.0,CCTATCTATATCGGAA-1,6/RSP
0.0,CCTATGAAGTGGTGCC-1,10/I
-0.12049119174480438,CCTATGGCTCCTAGTG-1,1/PIR
0.0,CCTATGGGTTACCGTC-1,3/CA1
0.0,CCTCAACGATCGCTGT-1,1/PIR
-0.12049119174480438,CCTCACCAATCTTGAC-1,12/Parafascicular nucleus
-0.5742957144975662,CCTCACCTGAGGGAGC-1,8/V_VIa_VIb
0.0,CCTCACCTTAGCATCG-1,8/V_VIa_VIb
0.0,CCTCCGACAATTCAAG-1,4/TH
0.0,CCTCGCCAGCAAATTA-1,3/CA1
-0.5742957144975662,CCTCGCGCGATATAGG-1,2/fxs
-0.5742957144975662,CCTCGCGCTGTGCGAT-1,6/RSP
-0.12049119174480438,CCTCGGACCGGGATAG-1,2/fxs
-0.12049119174480438,CCTCGGATGCTACCTG-1,2/fxs
-0.12049119174480438,CCTCTAATCTGCCAAG-1,3/CA1
0.0,CCTCTACAAGGATTGG-1,10/I
-0.12049119174480438,CCTCTATCGATTAGCA-1,9/COA
0.0,CCTCTCTCCCATCTAG-1,4/TH
-0.12049119174480438,CCTCTGGCCTAGACGG-1,3/CA1
0.0,CCTCTGTACTATTCTA-1,8/V_VIa_VIb
0.0,CCTGAACGATATATTC-1,3/CA1
-0.12049119174480438,CCTGAATATTTACATA-1,3/CA1
-0.12049119174480438,CCTGACAAACTCGCGC-1,0/HYL
0.0,CCTGACCACCGATGGT-1,11/CA3
-0.12049119174480438,CCTGCCCGTTGTCTAG-1,2/fxs
-0.12049119174480438,CCTGCGTTCTACGCTT-1,0/HYL
-0.12049119174480438,CCTGCTATTTGAGAAG-1,4/TH
-0.12049119174480438,CCTGGCTAGACCCGCC-1,4/TH
0.0,CCTGGTCGAATGTGGG-1,5/II_III_IV
-0.12049119174480438,CCTGTAAGACATGATA-1,0/HYL
-0.12049119174480438,CCTGTACTCACGCCCA-1,2/fxs
-0.12049119174480438,CCTGTCACCCGGGCTC-1,2/fxs
-0.5742957144975662,CCTGTCGCCCGTAAAT-1,4/TH
-0.12049119174480438,CCTGTGAAACCGTAAC-1,9/COA
-0.12049119174480438,CCTTCAGTTAAAGTGA-1,1/PIR
-0.12049119174480438,CCTTCTCAGCGTTCCT-1,13/VL
-0.12049119174480438,CCTTCTTGATCCAGTG-1,3/CA1
0.0,CCTTTAAGGGAGCACT-1,8/V_VIa_VIb
0.0,CCTTTCAATGAAGAAA-1,2/fxs
0.0,CCTTTGAATTATGGCT-1,1/PIR
7.124611854553223,CGAAACGCAATTCATG-1,0/HYL
-0.45380452275276184,CGAACAGTATGGGCGT-1,10/I
-0.12049119174480438,CGAACCCGCATGCGTC-1,11/CA3
-0.12049119174480438,CGAACGGCCGGACAAC-1,9/COA
-0.12049119174480438,CGAAGACGGTGAGTGC-1,9/COA
-0.12049119174480438,CGAAGCTATAAATTCA-1,6/RSP
-0.12049119174480438,CGAAGTTGCTCTGTGT-1,4/TH
-0.12049119174480438,CGAATCTGCTCGACGC-1,1/PIR
-0.12049119174480438,CGAATGAAGTCATTGC-1,1/PIR
-0.12049119174480438,CGAATGACGCATAATG-1,5/II_III_IV
0.0,CGAATTCCCGGTTCAA-1,1/PIR
-0.12049119174480438,CGACAATTTGATCTAA-1,5/II_III_IV
0.0,CGACACGCTCCGACAG-1,5/II_III_IV
-0.12049119174480438,CGACAGTTCGCGTTAT-1,4/TH
-0.12049119174480438,CGACCCTTAACGCCGG-1,9/COA
-0.12049119174480438,CGACCTACTAGACAAT-1,9/COA
-0.12049119174480438,CGACGCATCCGTACCT-1,1/PIR
0.0,CGACTCAGGATGTTAT-1,2/fxs
0.0,CGACTTTGTATAGCCT-1,5/II_III_IV
0.0,CGAGACCCTAGAGTGT-1,11/CA3
-0.12049119174480438,CGAGAGATGTGAACCT-1,14/DG
0.0,CGAGAGCGCGTAGATA-1,9/COA
-0.12049119174480438,CGAGCACTTCAAGTTT-1,0/HYL
-0.12049119174480438,CGAGCCGAGCACTCGA-1,7/MB
-0.12049119174480438,CGAGCGTTGATCAGCC-1,7/MB
-0.12049119174480438,CGAGCTGGGCTTTAGG-1,3/CA1
0.0,CGAGGAGCTTCCATAT-1,10/I
-0.12049119174480438,CGAGGCCAGGCATTGG-1,7/MB
-0.12049119174480438,CGAGGCTAAATATGGC-1,14/DG
-0.12049119174480438,CGAGGGACTGCGGTCG-1,3/CA1
-0.12049119174480438,CGAGGGTATCCAGGTG-1,5/II_III_IV
-0.12049119174480438,CGAGTACTAAAGAGGA-1,2/fxs
-0.45380452275276184,CGAGTGAAGGTACCAG-1,1/PIR
-0.12049119174480438,CGAGTTCTGTCCCACC-1,3/CA1
-0.12049119174480438,CGAGTTTATCGGACTG-1,8/V_VIa_VIb
0.0,CGATACCTCGCGGACA-1,4/TH
-0.12049119174480438,CGATCCGACCCAGTGC-1,4/TH
-0.12049119174480438,CGATCCTCGCAACATA-1,1/PIR
-0.12049119174480438,CGATCTGTTGGAGGAC-1,13/VL
-0.12049119174480438,CGATGGACCCTACGCC-1,2/fxs
0.0,CGATGTTGTTATCTAC-1,1/PIR
0.0,CGATTAAATATCTCCT-1,6/RSP
0.0,CGATTCGCCTGGCTGC-1,5/II_III_IV
-0.12049119174480438,CGCAAACACGAGTTAC-1,4/TH
0.0,CGCAATCGATCATTAG-1,7/MB
-0.12049119174480438,CGCAATTACTTTCGGT-1,4/TH
-0.12049119174480438,CGCAATTAGGGTAATA-1,4/TH
-0.12049119174480438,CGCAATTCTACAATAA-1,0/HYL
-0.12049119174480438,CGCACATGTCCACTAC-1,2/fxs
0.0,CGCACGTGCGCTATCA-1,5/II_III_IV
-0.12049119174480438,CGCAGATCTTCACCCG-1,5/II_III_IV
0.0,CGCATGGTGCGATGCT-1,3/CA1
0.0,CGCATTAGCTAATAGG-1,4/TH
-0.12049119174480438,CGCCAAGAAGCCGAGT-1,2/fxs
-0.12049119174480438,CGCCACAGGTCGCGAT-1,1/PIR
0.0,CGCCATCCGATTATGA-1,3/CA1
-0.45380452275276184,CGCCCAGCACGCCTAG-1,6/RSP
-0.12049119174480438,CGCCCGCTTCCGTACA-1,2/fxs
-0.12049119174480438,CGCCCTTGAAGGCTGA-1,0/HYL
-0.12049119174480438,CGCCGACTATTCGCTA-1,9/COA
-0.12049119174480438,CGCCGCCCATGCCTGT-1,3/CA1
0.8098627279202143,CGCCTCCCTCCTCTAT-1,3/CA1
-0.12049119174480438,CGCCTGGCCTACGTAA-1,2/fxs
-0.12049119174480438,CGCGACACTGCGCAGC-1,0/HYL
0.0,CGCGACCGCGACAGAT-1,10/I
-0.45380452275276184,CGCGAGAGGGACTTGT-1,6/RSP
-0.12049119174480438,CGCGAGTCTGCCGGGT-1,9/COA
-0.45380452275276184,CGCGCAAATGTCCAGA-1,1/PIR
-0.12049119174480438,CGCGCATGTTTGATTG-1,11/CA3
-0.12049119174480438,CGCGCCCGACTTAATA-1,3/CA1
-0.12049119174480438,CGCGGCAGTATTACGG-1,7/MB
-0.5742957144975662,CGCGGCTCAACTTGAA-1,5/II_III_IV
0.0,CGCGGGAATTAGGCAG-1,3/CA1
-0.12049119174480438,CGCGGTCACAAACCAA-1,6/RSP
0.0,CGCGTTCATGAAATAC-1,4/TH
-0.12049119174480438,CGCTACGGGACATTTA-1,4/TH
-0.12049119174480438,CGCTAGAGACCGCTGC-1,5/II_III_IV
-0.12049119174480438,CGCTATACCGCCCACT-1,12/Parafascicular nucleus
-0.12049119174480438,CGCTATTCAATGTATG-1,12/Parafascicular nucleus
-0.5742957144975662,CGCTATTCTTAGGCTC-1,4/TH
0.0,CGCTCGACATAATGAT-1,12/Parafascicular nucleus
-0.5742957144975662,CGCTCTCCGTAGATTA-1,4/TH
0.0,CGCTGGTGACTACCCT-1,10/I
-0.12049119174480438,CGCTGTGACGCCGCAC-1,4/TH
-0.5742957144975662,CGCTGTGTGGATGTTG-1,1/PIR
-0.12049119174480438,CGCTTAGTATTGATAC-1,1/PIR
-0.12049119174480438,CGCTTATTCCCGGTCG-1,2/fxs
-0.12049119174480438,CGCTTCCACTGAAATC-1,12/Parafascicular nucleus
-0.12049119174480438,CGCTTTCATACCGGTG-1,7/MB
-0.12049119174480438,CGCTTTCTTGCATTCG-1,3/CA1
-0.45380452275276184,CGGAAAGAATCAAACG-1,8/V_VIa_VIb
-0.12049119174480438,CGGAAAGCAAATGTGC-1,0/HYL
-0.12049119174480438,CGGAACGTAAACATAG-1,11/CA3
-0.12049119174480438,CGGACGTTACTTGAAG-1,9/COA
0.0,CGGAGCAATTTAATCG-1,8/V_VIa_VIb
0.0,CGGAGCATGGCGATCC-1,3/CA1
-0.12049119174480438,CGGAGTTTGAGAGACA-1,4/TH
-0.12049119174480438,CGGATAAGCGGACATG-1,0/HYL
-0.12049119174480438,CGGCAAACATCGTGCG-1,8/V_VIa_VIb
-0.12049119174480438,CGGCACTCAAGAAAGT-1,7/MB
-0.12049119174480438,CGGCAGGGTCGGGTTG-1,8/V_VIa_VIb
-0.12049119174480438,CGGCCACGCACAAAGT-1,4/TH
-0.12049119174480438,CGGCCAGAGCGACCAT-1,10/I
0.0,CGGCCCAACCTGTAGT-1,1/PIR
-0.12049119174480438,CGGCCCAGGTATATCC-1,3/CA1
0.0,CGGGAATTTATGTAAA-1,11/CA3
0.0,CGGGAGCTTCAGTGTA-1,5/II_III_IV
0.0,CGGGAGTATACCGCCG-1,0/HYL
0.0,CGGGATCAATGTAAGA-1,0/HYL
0.0,CGGGCAGCTAAACCGC-1,4/TH
-0.12049119174480438,CGGGCCATAGCCGCAC-1,7/MB
-0.12049119174480438,CGGGCCTTCTTTGTAA-1,11/CA3
0.0,CGGGTGTACCCATTTA-1,3/CA1
-0.12049119174480438,CGGTACGGCAAACCCA-1,1/PIR
-0.12049119174480438,CGGTACTAGAATCAAA-1,2/fxs
-0.12049119174480438,CGGTAGAGGTGCAGGT-1,2/fxs
-0.12049119174480438,CGGTCAAGTGGGAACC-1,3/CA1
-0.12049119174480438,CGGTCCATGAGACTCC-1,10/I
0.0,CGGTCCGTCGCAAGCC-1,5/II_III_IV
-0.12049119174480438,CGGTCTATCAACCCGT-1,2/fxs
-0.5742957144975662,CGGTGAAGACTAAAGT-1,0/HYL
-0.12049119174480438,CGGTGCAGATAGAACG-1,0/HYL
-0.45380452275276184,CGGTGCGCGTTGGTCC-1,11/CA3
-0.5742957144975662,CGGTGGGCTCCAGCCT-1,6/RSP
-0.12049119174480438,CGGTGTACTTGATCCC-1,12/Parafascicular nucleus
0.0,CGGTTATCCAACAGTG-1,8/V_VIa_VIb
-0.12049119174480438,CGGTTCAAGTAGGTGT-1,8/V_VIa_VIb
-0.12049119174480438,CGGTTGACCTGGCATA-1,0/HYL
0.0,CGGTTGAGTATCCTTC-1,10/I
-0.12049119174480438,CGTAAACGCTTGAGTG-1,7/MB
-0.12049119174480438,CGTAACTTCGACACTT-1,10/I
-0.12049119174480438,CGTAATAATTACGAGT-1,7/MB
-0.12049119174480438,CGTACCTGATAGGCCT-1,2/fxs
-0.12049119174480438,CGTAGCGAATTGTCAG-1,13/VL
0.0,CGTATTAAGAGATCTA-1,4/TH
0.0,CGTCAAGGCTATAAAT-1,7/MB
0.0,CGTCAATCTTTAACAT-1,7/MB
-0.12049119174480438,CGTCACGTCCATTGGT-1,11/CA3
-0.12049119174480438,CGTCAGCTATTTACTC-1,0/HYL
0.0,CGTCATACCATATCCA-1,0/HYL
-0.12049119174480438,CGTCCAGATGGCTCCA-1,7/MB
-0.12049119174480438,CGTCGCGGCGGGATTT-1,7/MB
-0.5742957144975662,CGTCGCTTGGTTATAC-1,1/PIR
-0.12049119174480438,CGTCGGATAGTGTTGA-1,8/V_VIa_VIb
-0.12049119174480438,CGTCGGGTCTAAGCGC-1,9/COA
-0.12049119174480438,CGTCGTCCTTCGCGAA-1,5/II_III_IV
-0.12049119174480438,CGTCTGGAAGGGCCCG-1,7/MB
-0.12049119174480438,CGTGAAGTTAATTCAC-1,2/fxs
-0.12049119174480438,CGTGACATTGGGTCGT-1,6/RSP
0.0,CGTGACCAGTCCTCTG-1,5/II_III_IV
0.0,CGTGCAGACTGGGACA-1,3/CA1
0.0,CGTGCATTGTCGACGC-1,0/HYL
-0.12049119174480438,CGTGCCCTCCCGAAGA-1,3/CA1
0.0,CGTGCTTCTACCTAAA-1,1/PIR
0.0,CGTGGCCGAATATCTA-1,10/I
-0.12049119174480438,CGTGGTACCCAAAGGC-1,1/PIR
-0.12049119174480438,CGTGTCCCATTCGCGA-1,4/TH
-0.12049119174480438,CGTGTCTCGTTACGAC-1,1/PIR
-0.12049119174480438,CGTTAGCTCACAACTG-1,3/CA1
-0.12049119174480438,CGTTATCATACTTCCA-1,9/COA
-0.12049119174480438,CGTTCAGACCCGCGAA-1,10/I
-0.12049119174480438,CGTTCTTCGCACACCT-1,6/RSP
-0.12049119174480438,CGTTGAATACCGCGCT-1,5/II_III_IV
-0.5742957144975662,CGTTGAGCGACCGTCG-1,3/CA1
0.0,CGTTGCCCGCGTGGGA-1,1/PIR
0.0,CGTTGTAAACGTCAGG-1,0/HYL
-0.12049119174480438,CGTTGTAAGATTGATT-1,5/II_III_IV
-0.45380452275276184,CGTTGTCGGCAATTGA-1,10/I
-0.5742957144975662,CGTTGTTTCAATTCCC-1,4/TH
-0.12049119174480438,CGTTTAAGCGGAGCAC-1,9/COA
0.0,CGTTTACAAGGCAGCT-1,10/I
0.0,CGTTTCACTTCGGGCG-1,6/RSP
0.0,CGTTTCGCTCATTACA-1,4/TH
-0.12049119174480438,CGTTTGTGTAGAGGGT-1,2/fxs
0.0,CTAAAGAATGCCTACT-1,0/HYL
0.0,CTAAAGGGAAATAGGA-1,11/CA3
-0.12049119174480438,CTAAATCCGGTGTACA-1,1/PIR
0.0,CTAAATCCTATTCCGG-1,15/CA1-pyramidal layer of the hippocampus
0.0,CTAACAGCACAATAAC-1,10/I
-0.12049119174480438,CTAACCGCGCGCCCGT-1,0/HYL
0.0,CTAACGAAACTTGCTG-1,8/V_VIa_VIb
-0.12049119174480438,CTAACTGGTCCGGTTC-1,3/CA1
4.160273949305217,CTAAGGGAATGATTGG-1,15/CA1-pyramidal layer of the hippocampus
0.0,CTAATTCGCACGCGCT-1,4/TH
-0.12049119174480438,CTAATTCTCAGATATT-1,6/RSP
-0.45380452275276184,CTAATTTCAACAACAC-1,0/HYL
-0.12049119174480438,CTACAAGAAATAACCC-1,1/PIR
0.0,CTACCCTAAGGTCATA-1,3/CA1
-0.12049119174480438,CTACGACTAGCTATAA-1,2/fxs
-0.12049119174480438,CTACGCACGGAGTACC-1,4/TH
-0.12049119174480438,CTACTATCATAGGTTT-1,9/COA
-0.12049119174480438,CTACTATCTTTCAGAG-1,2/fxs
0.0,CTACTCAAGGTATAGT-1,1/PIR
-0.5742957144975662,CTACTCTAGGCCCGGC-1,0/HYL
-0.12049119174480438,CTACTGCCACCTGACC-1,0/HYL
1.149662012855212,CTAGATGTGAGTGTAA-1,5/II_III_IV
-0.12049119174480438,CTAGATTTACGACGGC-1,3/CA1
0.0,CTAGCATAGTATAATG-1,14/DG
-0.5742957144975662,CTAGCCGATGTTATGA-1,8/V_VIa_VIb
0.0,CTAGGCGCCCTATCAG-1,5/II_III_IV
-0.12049119174480438,CTAGGTCTGAAGGAAT-1,5/II_III_IV
-0.12049119174480438,CTAGGTTCGGACGTGA-1,5/II_III_IV
-0.12049119174480438,CTAGTATTCGGAATTA-1,3/CA1
-0.12049119174480438,CTAGTCACGTCTTAAG-1,14/DG
0.0,CTAGTGAAGGACAGGA-1,4/TH
0.0,CTAGTTACAACCCGGT-1,8/V_VIa_VIb
-0.12049119174480438,CTAGTTGGGCCCGGTA-1,2/fxs
-0.45380452275276184,CTATAAGAGCCAATCG-1,8/V_VIa_VIb
0.0,CTATACTTAAAGCGAG-1,10/I
0.0,CTATAGGCGTTGATGT-1,1/PIR
-0.12049119174480438,CTATCGGGTCTCAACA-1,14/DG
-0.12049119174480438,CTATGCCCGAATGCAA-1,5/II_III_IV
0.0,CTATGTCACTAGCCCA-1,2/fxs
-0.12049119174480438,CTATGTGAGTCACGGC-1,13/VL
-0.12049119174480438,CTATTCATGTGTCCCA-1,2/fxs
-0.12049119174480438,CTATTTGGTTACGGAT-1,3/CA1
-0.12049119174480438,CTCAAACCACTGCCCG-1,1/PIR
2.453648641705513,CTCAAGACATTAGCGC-1,3/CA1
0.0,CTCACATTTACTAAAT-1,5/II_III_IV
-0.12049119174480438,CTCACCAGTACAAGTG-1,9/COA
-0.12049119174480438,CTCACTTGGCTGGTAA-1,2/fxs
-0.12049119174480438,CTCAGATTGTGATAAG-1,9/COA
-0.12049119174480438,CTCAGGACTCACCTGT-1,12/Parafascicular nucleus
-0.12049119174480438,CTCAGTCACGACAAAT-1,8/V_VIa_VIb
-0.12049119174480438,CTCATTCGTGAACATC-1,2/fxs
0.0,CTCATTGCTCTAACAA-1,10/I
0.0,CTCATTTGATGGGCGG-1,0/HYL
-0.12049119174480438,CTCCCTCCTTTCGATC-1,9/COA
0.0,CTCCGCCCACATGAGG-1,0/HYL
-0.12049119174480438,CTCCGGCCTAATATGC-1,0/HYL
0.0,CTCCGGCTTGTAGACA-1,7/MB
-0.12049119174480438,CTCCTAAGTTATGTCT-1,7/MB
-0.12049119174480438,CTCCTCCAGCTCACAC-1,5/II_III_IV
-0.12049119174480438,CTCCTTTACGCAAGTC-1,6/RSP
-0.12049119174480438,CTCGAGACATACGATA-1,1/PIR
-0.12049119174480438,CTCGAGATCCAAAGCA-1,7/MB
-0.12049119174480438,CTCGAGGTCGAACAGT-1,4/TH
-0.12049119174480438,CTCGATATTTGCGAGC-1,8/V_VIa_VIb
-0.12049119174480438,CTCGCACCTATATAGT-1,2/fxs
0.0,CTCGCATTGCATAGCC-1,1/PIR
0.0,CTCGCCGAATGTAGGG-1,5/II_III_IV
-0.12049119174480438,CTCGGGTTCTCTGGCC-1,1/PIR
-0.12049119174480438,CTCGGTACCACTGCTC-1,3/CA1
0.0,CTCGGTCCGTAGCCTG-1,7/MB
0.0,CTCGGTTGTCGGCCCT-1,1/PIR
-0.12049119174480438,CTCGTCGAGGGCTCAT-1,1/PIR
-0.12049119174480438,CTCGTTTCTAATGTTT-1,8/V_VIa_VIb
-0.12049119174480438,CTCTAATGCATTGATC-1,6/RSP
-0.12049119174480438,CTCTATTTGGCTGCAG-1,2/fxs
0.0,CTCTCACAATCGATGA-1,14/DG
0.0,CTCTCGCTGTACTATG-1,7/MB
1.2863216797510784,CTCTCTAACTGCCTAG-1,1/PIR
-0.12049119174480438,CTCTGCGAAGCAAGCA-1,7/MB
-0.5742957144975662,CTCTGGACGCCTGGTG-1,4/TH
-0.12049119174480438,CTCTGTTTGAGGATTC-1,13/VL
-0.12049119174480438,CTCTTCTATTGACTGG-1,5/II_III_IV
0.0,CTCTTCTGGAAGTTAG-1,1/PIR
-0.12049119174480438,CTCTTGTCCCGCTTGG-1,8/V_VIa_VIb
-0.12049119174480438,CTGAAAGAGATCCGAC-1,3/CA1
0.0,CTGAATCCGAGACCTC-1,11/CA3
-0.12049119174480438,CTGAATTTATTGCCAG-1,6/RSP
-0.45380452275276184,CTGACTGCGCAGCTCG-1,6/RSP
0.0,CTGAGCAAGTAACAAG-1,7/MB
-0.12049119174480438,CTGATAGTGTATCTCA-1,0/HYL
-0.12049119174480438,CTGCACAACTACATAT-1,8/V_VIa_VIb
-0.12049119174480438,CTGCACCTGGAACCGC-1,7/MB
0.0,CTGCACTCCAGTACAG-1,6/RSP
0.0,CTGCCAAGGTTGGAAG-1,3/CA1
-0.12049119174480438,CTGCCATGCATCACAT-1,11/CA3
-0.12049119174480438,CTGCCCACGAAGCGTT-1,2/fxs
-0.12049119174480438,CTGCCTTTAATACCTT-1,1/PIR
6.263046900431315,CTGCGGGTGAAATGTT-1,0/HYL
-0.12049119174480438,CTGCGTTACGATATAA-1,6/RSP
-0.12049119174480438,CTGCTGAGGCCACGAA-1,3/CA1
0.0,CTGCTTGGCGATAGCT-1,6/RSP
0.0,CTGCTTTATGTCCGCG-1,6/RSP
1.7731533000866573,CTGGAAATGGATGCTT-1,4/TH
-0.45380452275276184,CTGGAAGACACGGTGG-1,5/II_III_IV
-0.12049119174480438,CTGGACGCAGTCCGGC-1,1/PIR
0.0,CTGGATTTACACTTGA-1,11/CA3
-0.12049119174480438,CTGGCGACATAAGTCC-1,2/fxs
0.0,CTGGCGCACAGGTCTG-1,2/fxs
0.0,CTGGCGGGAATAAGTA-1,0/HYL
1.1582566450039546,CTGGCTGATTCATCCT-1,5/II_III_IV
-0.12049119174480438,CTGGCTGGTTGTCAGT-1,8/V_VIa_VIb
-0.12049119174480438,CTGGGATAAATAATGG-1,3/CA1
-0.12049119174480438,CTGGGCCTGCTATATC-1,2/fxs
-0.12049119174480438,CTGGGTAGGCAGTTAA-1,2/fxs
-0.12049119174480438,CTGGGTTGAGTTAAAG-1,1/PIR
-0.12049119174480438,CTGGTAACACATAGAA-1,8/V_VIa_VIb
0.0,CTGGTAACGAGCTCTT-1,8/V_VIa_VIb
-0.12049119174480438,CTGGTCATTCCAATCC-1,0/HYL
-0.12049119174480438,CTGGTGAATGGGCCTA-1,1/PIR
0.0,CTGGTTTCGAGCAAGA-1,6/RSP
-0.12049119174480438,CTGTACTTCTTAGCAT-1,4/TH
0.0,CTGTAGCCATCTCACT-1,8/V_VIa_VIb
-0.12049119174480438,CTGTATGGTGTAGAAA-1,12/Parafascicular nucleus
-0.12049119174480438,CTGTCAAATGGCTCGG-1,3/CA1
-0.12049119174480438,CTGTGCAGGGTAGGTC-1,3/CA1
0.0,CTGTGGTCGGGAGATA-1,10/I
-0.12049119174480438,CTGTTACCCAATCTAG-1,11/CA3
-0.12049119174480438,CTGTTCACTGCCTGTG-1,0/HYL
0.0,CTGTTCATCTCACGGG-1,12/Parafascicular nucleus
-0.12049119174480438,CTGTTGGCTCTTCTGA-1,7/MB
-0.12049119174480438,CTGTTGTTCAGTCGTA-1,10/I
-0.12049119174480438,CTTAAATAAGACCCAT-1,0/HYL
0.0,CTTAAGCAGCGAGCCG-1,1/PIR
-0.12049119174480438,CTTACACGGTATTCCA-1,4/TH
0.0,CTTACACTGGGAAATA-1,7/MB
-0.5742957144975662,CTTAGCCCGGATAGTG-1,7/MB
-0.12049119174480438,CTTAGCCTTCCACATG-1,3/CA1
0.0,CTTAGGTATAGACCAG-1,1/PIR
8.964957555135092,CTTAGTAGGCCTACAG-1,6/RSP
-0.12049119174480438,CTTAGTTGAGGAATCG-1,10/I
-0.12049119174480438,CTTATGCGCTCAGGGC-1,9/COA
-0.12049119174480438,CTTATGTTGACTACCA-1,7/MB
0.0,CTTCAACTCCACTTGG-1,10/I
-0.12049119174480438,CTTCAGTGGTCGCCTA-1,1/PIR
-0.12049119174480438,CTTCATAGCTCAAGAA-1,12/Parafascicular nucleus
0.49648515383402503,CTTCATTGTCAGTGGA-1,4/TH
0.0,CTTCCGCTCCGTGAAG-1,8/V_VIa_VIb
0.0,CTTCGTAGATAGGTGA-1,0/HYL
4.1144681721925735,CTTCTATGTTGAAGTA-1,13/VL
-0.12049119174480438,CTTCTATTAATGCTAG-1,11/CA3
-0.12049119174480438,CTTCTGGGCGTACCTA-1,10/I
-0.12049119174480438,CTTCTTACGTCGTATA-1,9/COA
-0.12049119174480438,CTTGAGGTTATCCCGA-1,7/MB
-0.12049119174480438,CTTGAGTTAGGGTAAT-1,6/RSP
-0.12049119174480438,CTTGCAACCGCCTCCT-1,2/fxs
-0.12049119174480438,CTTGCCCAGGCTCTAC-1,11/CA3
-0.12049119174480438,CTTGGCCAAGCTGGGA-1,5/II_III_IV
-0.12049119174480438,CTTGTACTTGTTGACT-1,12/Parafascicular nucleus
-0.12049119174480438,CTTGTCAACATTCGAG-1,2/fxs
-0.12049119174480438,CTTGTGCTCACCGATT-1,2/fxs
-0.12049119174480438,CTTGTTGCTGAGTCAA-1,3/CA1
0.0,CTTGTTTATGTAGCCA-1,12/Parafascicular nucleus
-0.12049119174480438,CTTTAACTTTCAAAGG-1,0/HYL
-0.12049119174480438,CTTTAATATTGGTCGA-1,8/V_VIa_VIb
0.0,CTTTACCGAATAGTAG-1,5/II_III_IV
-0.12049119174480438,CTTTAGGAACACTGTT-1,8/V_VIa_VIb
0.0,CTTTAGTGCTATTATT-1,11/CA3
-0.12049119174480438,CTTTCTGTGCGGGCTT-1,8/V_VIa_VIb
-0.12049119174480438,CTTTGACGTCGCTTCT-1,9/COA
-0.12049119174480438,CTTTGGCGCTTTATAC-1,0/HYL
-0.45380452275276184,CTTTGGCTTTAGTAAA-1,4/TH
-0.12049119174480438,CTTTGGGATTGTTGCA-1,1/PIR
-0.12049119174480438,CTTTGTCGAATGCTCC-1,1/PIR
0.0,GAAACAGATGACCACC-1,8/V_VIa_VIb
0.0,GAAACATAGGAAACAG-1,1/PIR
0.0,GAAACCATGGTGCGCT-1,5/II_III_IV
0.0,GAAACCGAATTACCTT-1,11/CA3
-0.12049119174480438,GAAACCTATACAAATG-1,6/RSP
0.0,GAAACTCGTGCGATGC-1,0/HYL
-0.12049119174480438,GAAACTCTAATGAAGG-1,13/VL
0.0,GAAAGAACAGCGTTAT-1,5/II_III_IV
-0.12049119174480438,GAAAGCAGTGCACTTT-1,8/V_VIa_VIb
-0.12049119174480438,GAAAGCCCTTTGGACC-1,2/fxs
-0.12049119174480438,GAAAGTGACTAACTGC-1,4/TH
0.0,GAAATACTAAACGTTT-1,0/HYL
-0.12049119174480438,GAAATATCACCATCAG-1,0/HYL
0.0,GAAATATGCTTGAATG-1,6/RSP
-0.12049119174480438,GAAATCGCGCGCAACT-1,2/fxs
-0.12049119174480438,GAAATCTGACCAAGTT-1,0/HYL
-0.12049119174480438,GAAATGGCGGTGTTAG-1,4/TH
-0.12049119174480438,GAAATGGGATGTAAAC-1,7/MB
0.0,GAAATTAGCACGGATA-1,6/RSP
-0.12049119174480438,GAAATTCACATCGCTG-1,7/MB
-0.12049119174480438,GAAATTGTCTCTATAA-1,11/CA3
0.0,GAACACACATCAACCA-1,12/Parafascicular nucleus
0.0,GAACAGATTACTAAAT-1,5/II_III_IV
-0.12049119174480438,GAACCCTCTGTGTTCT-1,5/II_III_IV
0.0,GAACGACCGAATGATA-1,7/MB
-0.12049119174480438,GAACGTCTCATGGTCG-1,3/CA1
-0.12049119174480438,GAACGTTAGGAAGACG-1,2/fxs
-0.12049119174480438,GAAGAAACGATATTGT-1,1/PIR
-0.12049119174480438,GAAGAACGGTGCAGGT-1,7/MB
-0.12049119174480438,GAAGCCGGGTAAGCTC-1,7/MB
-0.12049119174480438,GAAGCCTGCACATTCC-1,5/II_III_IV
0.0,GAAGCGTGAGGAATTT-1,4/TH
-0.5742957144975662,GAAGCTCGGACCCGTC-1,1/PIR
-0.12049119174480438,GAAGCTCTTTGCTTAG-1,7/MB
-0.5742957144975662,GAAGCTTGCTGACCGC-1,4/TH
-0.12049119174480438,GAAGGAGTCGAGTGCG-1,10/I
-0.12049119174480438,GAAGTCAGTTGCACTA-1,2/fxs
-0.12049119174480438,GAAGTCTCCCTAGCGA-1,8/V_VIa_VIb
-0.12049119174480438,GAAGTGATTTATCGTG-1,4/TH
-0.12049119174480438,GAAGTGCTGGATAGCT-1,7/MB
7.515859285990397,GAAGTTTCCACTCAAT-1,4/TH
-0.12049119174480438,GAATAGACGCGACCCA-1,6/RSP
0.0,GAATAGCCCTGCGGTC-1,6/RSP
-0.12049119174480438,GAATAGTGCTCGATTA-1,1/PIR
-0.12049119174480438,GAATATTCGGAGTCCC-1,3/CA1
-0.12049119174480438,GAATCGACATGGTCAC-1,4/TH
0.0,GAATCTGAACATTCTC-1,3/CA1
0.0,GAATGCCGAAATGACC-1,0/HYL
-0.12049119174480438,GAATGCGAATCGGTTC-1,10/I
-0.12049119174480438,GAATGGGCTTATCGAC-1,9/COA
-0.12049119174480438,GAATGTATGGCAGGTC-1,6/RSP
-0.12049119174480438,GAATGTGGTCCGGATT-1,2/fxs
-0.12049119174480438,GAATGTTGGGTAATCT-1,2/fxs
0.0,GAATTATAGTGAAAGG-1,14/DG
-0.12049119174480438,GAATTCACCCGGGTGT-1,11/CA3
0.0,GAATTTCTCGCTGCAG-1,4/TH
-0.5742957144975662,GACAAACATATGCAGG-1,5/II_III_IV
-0.12049119174480438,GACAACGACCATTGAA-1,3/CA1
-0.12049119174480438,GACAACGCAGCTTACG-1,0/HYL
-0.12049119174480438,GACACAAGGGAAGAAA-1,14/DG
0.0,GACACGAGTTAGAGGA-1,0/HYL
1.7025223920742671,GACACTGAGTTCAGTG-1,3/CA1
-0.12049119174480438,GACAGATTTCTGGCTC-1,9/COA
-0.12049119174480438,GACAGCCAGACCTGAC-1,8/V_VIa_VIb
-0.12049119174480438,GACAGGCACACACTAT-1,2/fxs
0.0,GACATACTGTCGCAGA-1,7/MB
-0.12049119174480438,GACATCGATTTATAAC-1,6/RSP
-0.12049119174480438,GACCAGAGCCCTGTAG-1,4/TH
0.0,GACCCAATTATGATAC-1,1/PIR
0.0,GACCGACTGAAGCGTC-1,0/HYL
-0.12049119174480438,GACCGTCAGGTCGTGA-1,3/CA1
-0.12049119174480438,GACCGTGCTGACGGTG-1,4/TH
-0.12049119174480438,GACCGTTACATGCGAC-1,9/COA
0.0,GACGACGATCCGCGTT-1,8/V_VIa_VIb
-0.12049119174480438,GACGCCGTAAAGGCTA-1,2/fxs
-0.12049119174480438,GACGCCTGTTGCAGGG-1,7/MB
-0.12049119174480438,GACGCTTGCTTCTAAA-1,0/HYL
0.0,GACGGGTTGGCCCGTA-1,1/PIR
0.0,GACGGTCAATAGAAGC-1,8/V_VIa_VIb
0.0,GACGTGTAGGGATTAT-1,4/TH
0.0,GACGTTCGTAAATACA-1,10/I
0.0,GACTAAGATCATGCAC-1,0/HYL
-0.12049119174480438,GACTAAGTAGGCTCAC-1,4/TH
0.0,GACTCACCCACGTGAG-1,5/II_III_IV
-0.12049119174480438,GACTCCCAGAATAAGG-1,5/II_III_IV
-0.12049119174480438,GACTCCTTCCAATTGA-1,1/PIR
0.0,GACTCGCGGGAATGAC-1,8/V_VIa_VIb
0.0,GACTGCAAATCGAGCT-1,5/II_III_IV
0.0,GACTGCACCAGCCCAG-1,8/V_VIa_VIb
-0.12049119174480438,GACTGCGGCACGTGTA-1,0/HYL
-0.12049119174480438,GACTGCTGGTGAGAAA-1,10/I
-0.12049119174480438,GAGAATCTCACGATCA-1,2/fxs
-0.5742957144975662,GAGACTGATGGGTAGA-1,4/TH
-0.12049119174480438,GAGACTTCGCGACCGA-1,2/fxs
-0.5742957144975662,GAGAGCGCAGTCCCTG-1,2/fxs
-0.12049119174480438,GAGAGGGCGCGAGGTT-1,0/HYL
2.4053490112225213,GAGAGGTGCATTCTGG-1,2/fxs
-0.12049119174480438,GAGATCTGCTTGGCAT-1,4/TH
-0.12049119174480438,GAGATCTGTCACTCCG-1,14/DG
-0.12049119174480438,GAGATCTTCCATGACA-1,2/fxs
0.0,GAGATGGGAGTCGACA-1,8/V_VIa_VIb
0.0,GAGCACCTGTGTCCAG-1,10/I
0.0,GAGCATCAACAACTTG-1,1/PIR
-0.12049119174480438,GAGCATCATCCCTGGG-1,7/MB
0.0,GAGCCAGCTACCTGTG-1,5/II_III_IV
-0.12049119174480438,GAGCGAGGGAGTACCG-1,9/COA
-0.5742957144975662,GAGCGCGCACGAGTAG-1,5/II_III_IV
0.0,GAGCGCTGTTAGGTAA-1,1/PIR
0.0,GAGCGGAATGCGGTGT-1,10/I
-0.12049119174480438,GAGCTAAGGGCATATC-1,3/CA1
-0.12049119174480438,GAGCTCTCGGACCTAA-1,12/Parafascicular nucleus
-0.12049119174480438,GAGCTGTCGTCTCGGA-1,6/RSP
0.0,GAGGAATGGAGAGGTT-1,4/TH
-0.12049119174480438,GAGGAGATCCTCATGC-1,7/MB
-0.45380452275276184,GAGGCCCGACTCCGCA-1,1/PIR
-0.5742957144975662,GAGGCTATCAAAGTCG-1,0/HYL
-0.12049119174480438,GAGGGAGTCAGATCGC-1,1/PIR
-0.12049119174480438,GAGGGCGCAGCTCTGC-1,3/CA1
0.0,GAGGGTAGTAACAAAG-1,1/PIR
0.0,GAGGTCCCAAAGATCT-1,7/MB
0.0,GAGTAAATTAAGAACC-1,1/PIR
-0.12049119174480438,GAGTAAGGCCACGGGA-1,9/COA
-0.12049119174480438,GAGTACGGGTATACAA-1,7/MB
-0.45380452275276184,GAGTAGATACTAGTTG-1,5/II_III_IV
0.0,GAGTATGCCCGCCTTG-1,11/CA3
-0.12049119174480438,GAGTCAGACCAGAATC-1,8/V_VIa_VIb
-0.12049119174480438,GAGTCCGCTTACCGGA-1,11/CA3
0.0,GAGTCGACAGACCCTC-1,2/fxs
0.0,GAGTCTTGTAAAGGAC-1,9/COA
0.0,GAGTGTGCGGTACCCA-1,8/V_VIa_VIb
0.0,GAGTTCTGTGGGTGCT-1,1/PIR
-0.12049119174480438,GAGTTGATGGCAATTT-1,9/COA
-0.12049119174480438,GATAAATCGGTGGATG-1,0/HYL
0.0,GATAACTCGCACTGTG-1,8/V_VIa_VIb
-0.12049119174480438,GATACGATGGGAGTCA-1,11/CA3
-0.12049119174480438,GATAGCGTACCACGCG-1,7/MB
-0.12049119174480438,GATAGGTAACGTTGAC-1,11/CA3
-0.12049119174480438,GATAGTGCGAGTAAGT-1,10/I
-0.12049119174480438,GATATCAAGCAGGAGC-1,1/PIR
-0.12049119174480438,GATATCTCATGCAATA-1,9/COA
-0.12049119174480438,GATATGAGACACTAAC-1,15/CA1-pyramidal layer of the hippocampus
0.0,GATATGCGGTAGCCAA-1,6/RSP
-0.12049119174480438,GATATGGATTACGCGG-1,0/HYL
-0.12049119174480438,GATATTGAGATTGGCG-1,6/RSP
-0.12049119174480438,GATATTTCCTACATGG-1,6/RSP
-0.12049119174480438,GATCAACATAAAGGGA-1,1/PIR
-0.5742957144975662,GATCATTCCAAACATT-1,4/TH
-0.12049119174480438,GATCCCTTTATACTGC-1,4/TH
0.0,GATCCGGGAATTAACA-1,3/CA1
0.0,GATCCTAAATCGGGAC-1,8/V_VIa_VIb
-0.12049119174480438,GATCCTCGACACTGGC-1,3/CA1
-0.12049119174480438,GATCGACACTATCTGA-1,4/TH
0.0,GATCGCGGGCTCTCCA-1,4/TH
0.0,GATCGCTATATCTCAG-1,1/PIR
-0.12049119174480438,GATCGGATAGAACCAT-1,13/VL
-0.12049119174480438,GATCGGCGATAAGTCG-1,0/HYL
-0.12049119174480438,GATCGGTGGCCATAAC-1,3/CA1
0.0,GATCGTGACTGATATC-1,3/CA1
-0.12049119174480438,GATCTAACCGTATTCA-1,1/PIR
-0.12049119174480438,GATCTGCTATCTAAGG-1,5/II_III_IV
-0.12049119174480438,GATCTTCATTGTCCTC-1,0/HYL
-0.45380452275276184,GATCTTGGAGGGCATA-1,3/CA1
0.0,GATCTTTGCAGGGTAT-1,0/HYL
-0.12049119174480438,GATGACAAGTAGGGCA-1,1/PIR
0.0,GATGACGATGATCGCG-1,6/RSP
0.0,GATGCCAGCAGAAGGC-1,0/HYL
-0.12049119174480438,GATGCCTTCTGCGGCA-1,1/PIR
-0.12049119174480438,GATGCGAATGGTATTA-1,7/MB
-0.12049119174480438,GATGCGTCCTGCATTC-1,4/TH
-0.12049119174480438,GATGCTACAAGCGCCT-1,7/MB
-0.12049119174480438,GATGCTGTATTTCATC-1,15/CA1-pyramidal layer of the hippocampus
0.0,GATGGCGCACACATTA-1,12/Parafascicular nucleus
-0.12049119174480438,GATGTAACGAACCACC-1,9/COA
-0.12049119174480438,GATGTTCAATCCACGA-1,0/HYL
-0.45380452275276184,GATGTTTGTGCGAGAT-1,12/Parafascicular nucleus
0.0,GATTACTGAATTTGGG-1,0/HYL
-0.12049119174480438,GATTCCCTTGTCGCAG-1,2/fxs
-0.12049119174480438,GATTCCGCGTTTCCGT-1,6/RSP
-0.12049119174480438,GATTCCTATACGGCGC-1,0/HYL
-0.12049119174480438,GATTCGACGGTTCACG-1,3/CA1
-0.12049119174480438,GATTGCTCCAGTTGCA-1,1/PIR
-0.12049119174480438,GCAAACCCTACATTAT-1,8/V_VIa_VIb
-0.12049119174480438,GCAAACCTTGGCCATA-1,5/II_III_IV
-0.12049119174480438,GCAAAGGGCGTTAGCC-1,1/PIR
-0.12049119174480438,GCAAATATTACGCTTT-1,4/TH
-0.12049119174480438,GCAAATGAGGACACTT-1,9/COA
-0.5742957144975662,GCAACCACCAGACCGG-1,3/CA1
-0.12049119174480438,GCAACCACGGCCGCGT-1,2/fxs
-0.12049119174480438,GCAACCCAAGTTGTTT-1,2/fxs
-0.12049119174480438,GCAAGAATTCCTTGGC-1,2/fxs
-0.12049119174480438,GCAAGCTGGAAACCGC-1,1/PIR
-0.12049119174480438,GCAAGTGCACAGAGAA-1,4/TH
-0.12049119174480438,GCAAGTGTAAAGCATG-1,10/I
0.0,GCACAAACCCTAGATG-1,1/PIR
-0.12049119174480438,GCACAACCTCGGGCGT-1,1/PIR
-0.12049119174480438,GCACAAGTGGATCATA-1,0/HYL
-0.12049119174480438,GCACACGCCCATGGTC-1,2/fxs
0.0,GCACCTTCCCGAAGGT-1,1/PIR
-0.12049119174480438,GCACGCCTACTTAGAT-1,2/fxs
-0.12049119174480438,GCACTAGTCGCGCTAT-1,7/MB
0.0,GCAGACCCAGCACGTA-1,5/II_III_IV
-0.45380452275276184,GCAGATCCATAAGACT-1,5/II_III_IV
-0.12049119174480438,GCAGATCCTCGCAAAT-1,0/HYL
6.762458960215251,GCAGATTAGGGATATC-1,4/TH
-0.12049119174480438,GCAGCACACAGCCCAG-1,0/HYL
1.263904685775439,GCAGGAACTTAGATCT-1,1/PIR
0.0,GCAGGACTATAGAATA-1,4/TH
0.0,GCAGGTAGAGTATGGT-1,6/RSP
-0.12049119174480438,GCATACGAGGTCTTTA-1,13/VL
-0.5742957144975662,GCATAGAGCACTCAGG-1,4/TH
-0.12049119174480438,GCATCCCTAACTTTGA-1,0/HYL
0.0,GCATGAGGGACGCGGC-1,3/CA1
-0.12049119174480438,GCATGGGTACTGACGC-1,9/COA
-0.12049119174480438,GCATTCAAGGCAACGC-1,5/II_III_IV
-0.12049119174480438,GCATTCGAAATGAACA-1,0/HYL
0.0,GCATTGACTTGCGGAA-1,1/PIR
-0.12049119174480438,GCATTGTAATTCATAT-1,2/fxs
0.0,GCATTTCCAAGGCTCC-1,5/II_III_IV
0.0,GCCAACCATTTCCGGA-1,6/RSP
-0.12049119174480438,GCCAAGAATACTTCTG-1,9/COA
-0.45380452275276184,GCCAATAGGGCATCTC-1,8/V_VIa_VIb
-0.12049119174480438,GCCACAATTTAAGGAC-1,2/fxs
0.0,GCCAGGAGTAACCGAT-1,2/fxs
0.0,GCCATATTGCACACAG-1,2/fxs
-0.12049119174480438,GCCATCGAGCTGCGTG-1,2/fxs
-0.12049119174480438,GCCATCGATGCTGCAT-1,5/II_III_IV
-0.12049119174480438,GCCATTAGCCTCAAAC-1,1/PIR
-0.12049119174480438,GCCCACCAAGGCTGTC-1,7/MB
-0.12049119174480438,GCCCAGTTGGTATGCC-1,12/Parafascicular nucleus
0.0,GCCCGAGAGTCTAAAT-1,1/PIR
-0.12049119174480438,GCCCGATCTGTGGTCG-1,8/V_VIa_VIb
-0.5742957144975662,GCCCGCGCGTAAACGG-1,11/CA3
-0.12049119174480438,GCCCGCGCGTTTGACA-1,12/Parafascicular nucleus
-0.12049119174480438,GCCCGTAATACCTTCT-1,3/CA1
-0.12049119174480438,GCCCTAGCCGTCGCGA-1,1/PIR
-0.45380452275276184,GCCGAAATTCCTACGT-1,4/TH
0.0,GCCGACCCACGACTGC-1,1/PIR
-0.12049119174480438,GCCGATTGGCCAAGCT-1,11/CA3
-0.12049119174480438,GCCGCATTAGTCCGGC-1,2/fxs
-0.12049119174480438,GCCGCTTGTGAGAAAC-1,2/fxs
-0.12049119174480438,GCCGGGTTAGGGTCGC-1,11/CA3
-0.12049119174480438,GCCTAGCGATCTGACC-1,12/Parafascicular nucleus
0.0,GCCTATAGTGTCAGGG-1,6/RSP
-0.12049119174480438,GCCTATGCTGGGCCTT-1,5/II_III_IV
-0.12049119174480438,GCCTATTCCGATATAG-1,4/TH
-0.12049119174480438,GCCTCATCTGGAAATA-1,6/RSP
0.0,GCCTCTATACATAGCA-1,5/II_III_IV
-0.12049119174480438,GCCTTCAGCCCTACCG-1,7/MB
0.0,GCCTTGTATATGCAGT-1,7/MB
0.0,GCCTTTGTCAGTGGAC-1,10/I
-0.12049119174480438,GCGAAACTTAACTGGA-1,8/V_VIa_VIb
-0.5742957144975662,GCGAAGCCATACCCGT-1,4/TH
-0.12049119174480438,GCGACATGTAAACATC-1,5/II_III_IV
-0.12049119174480438,GCGACCCAACCATCTG-1,1/PIR
0.0,GCGACGATAGTTGTAC-1,11/CA3
-0.5742957144975662,GCGAGAAACGGGAGTT-1,7/MB
0.0,GCGAGAGGCCATGTAA-1,6/RSP
0.0,GCGAGAGTTGCGTCCA-1,5/II_III_IV
0.0,GCGAGCGCATGCTCCC-1,10/I
1.1108839462200801,GCGAGGCCCGAGCAGA-1,4/TH
0.0,GCGAGTTCTGCAAAGA-1,4/TH
-0.12049119174480438,GCGATGTCTGTGCTTG-1,7/MB
-0.12049119174480438,GCGATTGTTAACGTTA-1,3/CA1
-0.12049119174480438,GCGCAAATATATTCAA-1,1/PIR
0.0,GCGCAAGAGCGCGCTG-1,5/II_III_IV
-0.12049119174480438,GCGCATCCAGTCAGCA-1,8/V_VIa_VIb
0.0,GCGCCGTTCCACGATA-1,3/CA1
0.0,GCGCGTCATTGGTACA-1,10/I
-0.12049119174480438,GCGCTAATTGAATAGA-1,14/DG
-0.5742957144975662,GCGCTATGCCGAGGCA-1,3/CA1
-0.12049119174480438,GCGCTGATCCAGACTC-1,6/RSP
0.0,GCGCTGCTTTGCATTT-1,2/fxs
0.0,GCGGACCGCGTTGTGG-1,11/CA3
-0.12049119174480438,GCGGAGAAACTTCGCA-1,2/fxs
-0.12049119174480438,GCGGAGAGGGAGAACG-1,8/V_VIa_VIb
-0.12049119174480438,GCGGCAAAGTATTGCC-1,1/PIR
-0.12049119174480438,GCGGCTCTGACGTACC-1,0/HYL
-0.12049119174480438,GCGGGAACCAGGCCCT-1,12/Parafascicular nucleus
-0.12049119174480438,GCGGGCGAGCCTTACC-1,2/fxs
-0.12049119174480438,GCGGTCCCTAGACGCA-1,7/MB
10.073416392008463,GCGGTGAACTGCGCTC-1,8/V_VIa_VIb
0.0,GCGGTGCGGAGCATCG-1,0/HYL
-0.12049119174480438,GCGGTTCCCTATCATG-1,11/CA3
-0.12049119174480438,GCGTAAATGGCCATAA-1,5/II_III_IV
-0.12049119174480438,GCGTCCCTAAGACATA-1,1/PIR
-0.12049119174480438,GCGTCGAAATGTCGGT-1,7/MB
-0.12049119174480438,GCGTCGCCAGGGTGAT-1,8/V_VIa_VIb
0.0,GCGTCTCTGCATTGGG-1,0/HYL
-0.12049119174480438,GCGTGGTACTGGGTTA-1,8/V_VIa_VIb
0.0,GCGTTATATTTGGAAC-1,2/fxs
-0.12049119174480438,GCGTTCGGAGACCGGG-1,6/RSP
0.0,GCTAAACCTGAGGTGA-1,0/HYL
-0.12049119174480438,GCTAAGTAAAGGCGAT-1,7/MB
-0.12049119174480438,GCTAAGTAGTTTCTCT-1,3/CA1
-0.12049119174480438,GCTAATACCGAATGCC-1,12/Parafascicular nucleus
-0.12049119174480438,GCTACAGTACGGACCG-1,13/VL
-0.12049119174480438,GCTACGACTTATTGGG-1,3/CA1
0.0,GCTACTATAGTAGAGT-1,5/II_III_IV
-0.12049119174480438,GCTAGACCGTCTACTG-1,5/II_III_IV
0.7424255559841791,GCTAGCAGGGAGTGGG-1,6/RSP
0.0,GCTAGCGATAGGTCTT-1,1/PIR
-0.12049119174480438,GCTAGCTTGAATAGCT-1,11/CA3
0.0,GCTAGGCACCACGGAG-1,5/II_III_IV
0.0,GCTAGTAGAGCTTGTA-1,11/CA3
-0.12049119174480438,GCTAGTTTCATTGAGG-1,12/Parafascicular nucleus
-0.5742957144975662,GCTATACGTCTCGGAC-1,5/II_III_IV
1.0375414888064067,GCTATCATACTCATGG-1,5/II_III_IV
0.0,GCTATCGCGGCGCAAC-1,0/HYL
-0.12049119174480438,GCTATGCCAGCTTATG-1,9/COA
-0.12049119174480438,GCTCAACCTCTTAGAG-1,0/HYL
-0.12049119174480438,GCTCAATCCGTTTATT-1,2/fxs
-0.12049119174480438,GCTCAATGTAATACCG-1,5/II_III_IV
7.4120402336120605,GCTCATTACTGCATGT-1,6/RSP
-0.5742957144975662,GCTCCTGACATACTGG-1,1/PIR
-0.12049119174480438,GCTCGCGGTTCCGCTC-1,0/HYL
-0.12049119174480438,GCTCGCTCATGTCCAA-1,5/II_III_IV
0.0,GCTCGGAATTTAAAGC-1,2/fxs
0.0,GCTCTAAACCCTGACG-1,0/HYL
-0.12049119174480438,GCTCTATGTTACGTGC-1,4/TH
-0.12049119174480438,GCTCTCGGGTACCGAA-1,0/HYL
0.0,GCTCTTTCCGCTAGTG-1,5/II_III_IV
0.0,GCTGAATCTTCCAATC-1,1/PIR
-0.12049119174480438,GCTGAGCAACGGTTCT-1,0/HYL
0.0,GCTGAGGCGTGAGTAT-1,11/CA3
-0.12049119174480438,GCTGCACGGTTTCTTA-1,3/CA1
-0.12049119174480438,GCTGCGCCTCCCACGT-1,0/HYL
0.853295902411143,GCTGCTAAGTAGTCGA-1,8/V_VIa_VIb
-0.12049119174480438,GCTGCTACTGCGTAGC-1,8/V_VIa_VIb
0.0,GCTGCTCTCCGGACAC-1,4/TH
-0.12049119174480438,GCTGGACCCAAAGTGG-1,3/CA1
-0.12049119174480438,GCTGGCAGGTGCCGTG-1,0/HYL
-0.12049119174480438,GCTGGCATATTCACCT-1,4/TH
0.0,GCTGGCGGCGCATGCT-1,8/V_VIa_VIb
0.0,GCTGGTTTAGGCCATA-1,1/PIR
-0.12049119174480438,GCTGTATTACTGGCCC-1,3/CA1
-0.12049119174480438,GCTGTTGCTACCGAAC-1,6/RSP
-0.12049119174480438,GCTTAATGTAACTAAC-1,2/fxs
-0.12049119174480438,GCTTATGAAGCAGGAA-1,2/fxs
0.0,GCTTCCGTCCCTAGAC-1,3/CA1
-0.12049119174480438,GCTTGATGATAATCAG-1,12/Parafascicular nucleus
0.0,GCTTGCAGCACAATTG-1,3/CA1
-0.12049119174480438,GCTTGGATCGATTAGG-1,8/V_VIa_VIb
-0.12049119174480438,GCTTTCAGAGGAGGTG-1,8/V_VIa_VIb
-0.12049119174480438,GGAAACCTTGTTGAAT-1,6/RSP
0.0,GGAAAGTGCCCATGCC-1,2/fxs
0.0,GGAACCCGAACAAGAA-1,7/MB
0.0,GGAACCGTGTAAATTG-1,11/CA3
-0.12049119174480438,GGAACCTTGACTCTGC-1,1/PIR
-0.12049119174480438,GGAACGGCCTGCAGCC-1,0/HYL
-0.12049119174480438,GGAATGCGCTAGCGTG-1,3/CA1
-0.12049119174480438,GGACAAGTTGCAGTGA-1,2/fxs
-0.12049119174480438,GGACCAACAGGATAAC-1,8/V_VIa_VIb
0.0,GGACCTACGGTAACGT-1,6/RSP
-0.12049119174480438,GGACCTCTAGGCCGCC-1,1/PIR
-0.5742957144975662,GGACTAAGTCAGGAGT-1,2/fxs
0.0,GGACTCGACAGCGCAT-1,10/I
-0.12049119174480438,GGACTCGTGAGTGGTC-1,1/PIR
0.0,GGAGAAGTCATTGGCA-1,12/Parafascicular nucleus
0.0,GGAGACCAATGTGCTT-1,10/I
-0.12049119174480438,GGAGACCATCTACATA-1,1/PIR
0.0,GGAGACGACACCTTTG-1,3/CA1
0.0,GGAGCACCAAGAACTA-1,3/CA1
-0.12049119174480438,GGAGGGCTTGGTTGGC-1,3/CA1
-0.12049119174480438,GGAGTACACATGAGCT-1,7/MB
0.0,GGAGTGCCGCCCTGGA-1,0/HYL
0.0,GGATCAGAGCCATCAG-1,9/COA
-0.12049119174480438,GGATCATCCCGTACGC-1,6/RSP
-0.12049119174480438,GGATCCGGAATATACT-1,3/CA1
-0.12049119174480438,GGATCTTACTGCCCTT-1,1/PIR
-0.5742957144975662,GGATCTTGACTCAACC-1,9/COA
-0.12049119174480438,GGATGAAGATCGCTGA-1,6/RSP
-0.5742957144975662,GGATGACGCGAGTTTA-1,4/TH
-0.12049119174480438,GGATGCTGGCGTTCCT-1,2/fxs
0.0,GGATGTCCTTACCGCA-1,8/V_VIa_VIb
-0.12049119174480438,GGATTCAGTACGGTGG-1,12/Parafascicular nucleus
-0.12049119174480438,GGATTCCGCTATACCC-1,2/fxs
-0.12049119174480438,GGATTTCACTTCTATA-1,3/CA1
-0.12049119174480438,GGCAAAGGCGCCAATA-1,2/fxs
-0.12049119174480438,GGCAAATTACTTTACT-1,2/fxs
0.0,GGCAAGGCGAAATAGC-1,15/CA1-pyramidal layer of the hippocampus
-0.12049119174480438,GGCAATAGTCAATGAG-1,14/DG
0.0,GGCACTCCACTGGGCA-1,4/TH
-0.12049119174480438,GGCAGAGAGATCGGGA-1,9/COA
8.459104919433594,GGCAGCGGTAATCCTA-1,3/CA1
-0.12049119174480438,GGCATACAGGTAGCGG-1,0/HYL
-0.12049119174480438,GGCATATCGGTTCTGC-1,2/fxs
-0.12049119174480438,GGCCACACGAAAGCCT-1,7/MB
-0.12049119174480438,GGCCCTCACCCACTTA-1,2/fxs
-0.12049119174480438,GGCCGAGACTCTGGTG-1,1/PIR
0.9170502970616023,GGCCGTTTGGGTTTCA-1,8/V_VIa_VIb
-0.12049119174480438,GGCCTTTGCAACTGGC-1,9/COA
0.0,GGCGAAATCTAACTTG-1,8/V_VIa_VIb
-0.12049119174480438,GGCGAGCGAAACGGCA-1,1/PIR
0.6628040770689646,GGCGCAGGACATCTTC-1,0/HYL
-0.12049119174480438,GGCGCATGAATTGATG-1,11/CA3
0.0,GGCGCGTTCGAGTTTA-1,11/CA3
0.0,GGCGCTCCTCATCAAT-1,7/MB
-0.12049119174480438,GGCGGAGTAATATTAG-1,4/TH
-0.12049119174480438,GGCGGTAGGATCATTG-1,14/DG
-0.12049119174480438,GGCGGTTTGCCGGTGC-1,7/MB
0.0,GGCGTCCTATCCGCTG-1,4/TH
-0.12049119174480438,GGCTAAAGGGCGGGTC-1,6/RSP
-0.12049119174480438,GGCTACTATACACTCC-1,1/PIR
6.129706064860026,GGCTATTAAGTTGTAT-1,4/TH
-0.12049119174480438,GGCTCCTCCACCTGTT-1,1/PIR
-0.12049119174480438,GGCTCGCGTTGAGGTA-1,2/fxs
-0.12049119174480438,GGCTCGTGCCACCAGC-1,12/Parafascicular nucleus
-0.12049119174480438,GGCTCTGCTCCAACGC-1,14/DG
-0.12049119174480438,GGCTGAAATAGCAAAG-1,8/V_VIa_VIb
0.0,GGCTGGCTAGCTTAAA-1,7/MB
-0.12049119174480438,GGCTTGGCTCTCACCT-1,7/MB
-0.12049119174480438,GGCTTTCAATAAGGGT-1,5/II_III_IV
0.0,GGGAACGGGAGGTTAG-1,0/HYL
-0.12049119174480438,GGGAACGGTTTCAGAT-1,1/PIR
0.0,GGGAATGAGCCCTCAC-1,6/RSP
0.0,GGGAATTCTGTCCAGT-1,2/fxs
-0.12049119174480438,GGGACAGAGTTACTCC-1,1/PIR
0.0,GGGACCCGTATATCTT-1,8/V_VIa_VIb
0.0,GGGACTGCATAGATAG-1,4/TH
-0.5742957144975662,GGGAGAACTCACAGTA-1,4/TH
0.0,GGGAGGATGCCCGAAA-1,4/TH
-0.12049119174480438,GGGAGTTAATGAGGCG-1,3/CA1
-0.12049119174480438,GGGATACGGTAATAAT-1,7/MB
-0.12049119174480438,GGGATGGTCGTAACCG-1,11/CA3
-0.12049119174480438,GGGATTTACCGCACCT-1,6/RSP
-0.12049119174480438,GGGCAACCGCACGTGC-1,1/PIR
-0.12049119174480438,GGGCACGAATTGGCCG-1,2/fxs
-0.12049119174480438,GGGCACTATTGACCAT-1,10/I
0.0,GGGCAGACGTCACTGC-1,9/COA
0.0,GGGCAGAGCAATCGTT-1,6/RSP
-0.12049119174480438,GGGCCCGTCTTAAACA-1,11/CA3
-0.12049119174480438,GGGCCCTACGAAAGGG-1,2/fxs
-0.12049119174480438,GGGCCCTTATCTATAC-1,9/COA
-0.12049119174480438,GGGCCGGCCGAAGTAC-1,15/CA1-pyramidal layer of the hippocampus
-0.12049119174480438,GGGCCTAAATGGGCTA-1,9/COA
-0.12049119174480438,GGGCGAATTTCTCCAC-1,0/HYL
-0.12049119174480438,GGGCGATATGTGTGAA-1,4/TH
-0.12049119174480438,GGGCGGCAAATGAATT-1,11/CA3
-0.12049119174480438,GGGCGGGTTCCCTACG-1,0/HYL
-0.12049119174480438,GGGCGGTCCTATTGTC-1,7/MB
0.0,GGGCGTACATTTATAT-1,0/HYL
0.0,GGGCGTCACCACGTAA-1,11/CA3
0.0,GGGCGTCCACTGGCTC-1,6/RSP
0.0,GGGCGTTTACATTCAT-1,10/I
-0.12049119174480438,GGGCTACTATTTCGTG-1,1/PIR
-0.45380452275276184,GGGCTATGATCGATGG-1,8/V_VIa_VIb
-0.12049119174480438,GGGCTCATCGAACCCA-1,2/fxs
-0.12049119174480438,GGGCTGCCTAGGGCGA-1,14/DG
0.0,GGGCTGGTTAGTCGCG-1,4/TH
0.0,GGGTACCCACGGTCCT-1,7/MB
-0.12049119174480438,GGGTACTTCATGAACT-1,0/HYL
0.0,GGGTATGTATGCACTT-1,2/fxs
-0.12049119174480438,GGGTATTCTAGCAAAC-1,1/PIR
-0.45380452275276184,GGGTCACCGTGACGGT-1,4/TH
-0.12049119174480438,GGGTCAGGAGCTAGAT-1,1/PIR
0.0,GGGTCATGCGTACCAT-1,0/HYL
-0.12049119174480438,GGGTCGTGGCAAGTGT-1,6/RSP
0.0,GGGTGACACCTTAACT-1,11/CA3
-0.12049119174480438,GGGTGCATATGAAAGC-1,5/II_III_IV
-0.12049119174480438,GGGTGTTTCAGCTATG-1,10/I
-0.12049119174480438,GGGTTAACATTTGAGT-1,2/fxs
0.0,GGGTTCAGACGAACAA-1,0/HYL
-0.12049119174480438,GGTAACCGGGAGGATA-1,1/PIR
-0.12049119174480438,GGTAACTATGTATCTG-1,7/MB
-0.12049119174480438,GGTACAAACATGCTAT-1,4/TH
-0.12049119174480438,GGTACATCTGGGACGA-1,2/fxs
-0.12049119174480438,GGTACCATTAAGACGG-1,6/RSP
0.0,GGTAGAAGACCGCCTG-1,8/V_VIa_VIb
-0.12049119174480438,GGTAGACCGTTGGGCG-1,2/fxs
0.0,GGTAGTGCTCGCACCA-1,14/DG
-0.12049119174480438,GGTATGAAAGAACTGA-1,9/COA
0.0,GGTATTGCCGAGTTTA-1,4/TH
-0.12049119174480438,GGTCAGTGGGTCCCAC-1,11/CA3
0.0,GGTCCTTCATACGACT-1,7/MB
0.0,GGTCGGATAAACGGCG-1,2/fxs
-0.12049119174480438,GGTCGGCCAGGAGCTT-1,3/CA1
0.0,GGTCGGTAATTAGACA-1,7/MB
0.0,GGTCGGTCGTCCACAG-1,8/V_VIa_VIb
-0.12049119174480438,GGTCTCTGAATGGACT-1,2/fxs
-0.12049119174480438,GGTCTGAGAATCTGGA-1,3/CA1
-0.12049119174480438,GGTGAAGTACAGGGAT-1,3/CA1
-0.12049119174480438,GGTGAGATGCAGATAA-1,0/HYL
-0.12049119174480438,GGTGATAAGGAGCAGT-1,3/CA1
-0.12049119174480438,GGTGATGAAGGAAGTG-1,9/COA
0.0,GGTGCATAAATGATTA-1,1/PIR
0.0,GGTGCGGATAAGTGGC-1,7/MB
-0.12049119174480438,GGTGCTGATCACAAAG-1,0/HYL
-0.5742957144975662,GGTGCTGGTACACATT-1,0/HYL
-0.12049119174480438,GGTGGACTGCTCTGGC-1,5/II_III_IV
-0.12049119174480438,GGTTACCACCCTCGGG-1,2/fxs
0.0,GGTTAGCTATATGTCT-1,6/RSP
-0.45380452275276184,GGTTAGGCTTGGAGAA-1,4/TH
0.0,GGTTAGTTACGGCGCC-1,0/HYL
-0.12049119174480438,GGTTCTACTCGTCTGA-1,5/II_III_IV
-0.12049119174480438,GGTTGTGCTCTTGTCC-1,7/MB
-0.12049119174480438,GGTTGTGTAGCCTGGC-1,0/HYL
-0.12049119174480438,GGTTTAATTACCATCG-1,1/PIR
-0.12049119174480438,GGTTTAATTGAGCAGG-1,10/I
-0.12049119174480438,GGTTTACAATCTCAAT-1,14/DG
-0.12049119174480438,GGTTTAGCCTTTCTTG-1,10/I
0.0,GGTTTCAATCGGTCAG-1,2/fxs
-0.12049119174480438,GGTTTGAGTGCTGGAA-1,7/MB
0.0,GTAACTGCCCAAGGAG-1,1/PIR
0.0,GTAAGCGGGCAGTCAG-1,0/HYL
-0.12049119174480438,GTAAGTAACAGTCTGG-1,3/CA1
-0.12049119174480438,GTAAGTAGGGTATACC-1,4/TH
-0.5742957144975662,GTAATAAAGGGCTCCC-1,6/RSP
-0.12049119174480438,GTAATCTGATTCTTCG-1,11/CA3
-0.5742957144975662,GTACACTTACCTGAAG-1,11/CA3
-0.12049119174480438,GTACAGAGGCAAGGGT-1,15/CA1-pyramidal layer of the hippocampus
-0.12049119174480438,GTACGACGGCGCTGCG-1,7/MB
-0.12049119174480438,GTACGAGATTGCGACA-1,0/HYL
0.0,GTACGCTTCATTGCAC-1,3/CA1
-0.12049119174480438,GTACGTTTGCCCGTCA-1,3/CA1
0.0,GTACTAAGATTTGGAG-1,4/TH
-0.12049119174480438,GTACTCCCTTATCGCT-1,0/HYL
-0.45380452275276184,GTACTCCTGGGTATGC-1,8/V_VIa_VIb
-0.12049119174480438,GTACTGCATGAAGCGT-1,7/MB
-0.12049119174480438,GTACTGGAGTTAGACC-1,3/CA1
-0.12049119174480438,GTACTTGGGCACTTCT-1,12/Parafascicular nucleus
-0.12049119174480438,GTAGAAACGGGTGGAG-1,0/HYL
-0.5742957144975662,GTAGACACGCCTGACT-1,10/I
-0.12049119174480438,GTAGACGTCGTTACAT-1,7/MB
-0.12049119174480438,GTAGAGGGAGACAAGT-1,2/fxs
-0.12049119174480438,GTAGCCAAACATGGGA-1,8/V_VIa_VIb
0.0,GTAGCGGCTATACACT-1,3/CA1
-0.12049119174480438,GTAGCTCCGGGAGGCT-1,1/PIR
0.0,GTAGCTTCCTCTTGTT-1,15/CA1-pyramidal layer of the hippocampus
-0.12049119174480438,GTAGGTGATCCGTGTA-1,2/fxs
-0.12049119174480438,GTAGTCGCGGGAATCA-1,6/RSP
-0.12049119174480438,GTAGTTCGAAGGCGAA-1,1/PIR
-0.45380452275276184,GTATAATCTCCCGGAT-1,7/MB
-0.12049119174480438,GTATAGGACTCAGTAG-1,0/HYL
-0.12049119174480438,GTATCAGCTTGGGTTC-1,12/Parafascicular nucleus
-0.12049119174480438,GTATCTCAGTCTTGAC-1,1/PIR
0.0,GTATCTTTCATAACCA-1,15/CA1-pyramidal layer of the hippocampus
-0.12049119174480438,GTATGAAATTTCACTC-1,9/COA
0.0,GTATGTGGGTCTAGTT-1,8/V_VIa_VIb
0.0,GTATTAAGGCGTCTAA-1,0/HYL
-0.12049119174480438,GTATTCTGAGAAACGA-1,11/CA3
0.0,GTCAAAGAAGTGGTGT-1,1/PIR
-0.12049119174480438,GTCAAAGTTTACATAG-1,7/MB
0.0,GTCAAGCGGACTCGGG-1,3/CA1
0.0,GTCACTCTCCAAATCT-1,4/TH
0.0,GTCAGAATAGTCTATG-1,4/TH
0.0,GTCAGTTTGGTAGTCG-1,0/HYL
-0.12049119174480438,GTCATCTCCTACAGCT-1,7/MB
-0.12049119174480438,GTCATGCACCTCCGTT-1,4/TH
-0.12049119174480438,GTCATGGACATGACTA-1,0/HYL
0.0,GTCATTAGAGCGAACG-1,11/CA3
0.0,GTCATTGCATTGACCC-1,0/HYL
-0.12049119174480438,GTCCAATATTTAGCCT-1,1/PIR
-0.12049119174480438,GTCCATTACTGCTACG-1,10/I
-0.12049119174480438,GTCCCAACGTAAAGTA-1,14/DG
0.0,GTCCCAATCATCCCGC-1,9/COA
-0.12049119174480438,GTCCCGCGACGTTATG-1,10/I
-0.12049119174480438,GTCCGAGAGCAATCAT-1,2/fxs
-0.12049119174480438,GTCCGGACCTGAAATT-1,3/CA1
-0.12049119174480438,GTCCGGCTGAATTGCG-1,4/TH
-0.12049119174480438,GTCCTACAGGCGGCTC-1,0/HYL
-0.12049119174480438,GTCCTACGAATAGTCT-1,10/I
-0.12049119174480438,GTCCTACTCTACGGGC-1,1/PIR
-0.12049119174480438,GTCCTATTGTTGTGGT-1,2/fxs
-0.12049119174480438,GTCCTTCTACAACCCA-1,7/MB
1.5538349548975627,GTCGCCGTTGTGTGTT-1,8/V_VIa_VIb
0.0,GTCGCGTAACCCGTTG-1,3/CA1
1.2850915143887203,GTCGGATATCTCAGAC-1,4/TH
-0.12049119174480438,GTCGGATGTAGCGCGC-1,6/RSP
-0.12049119174480438,GTCGGGAACATGGTAG-1,9/COA
-0.12049119174480438,GTCGGGAAGCAGAAAC-1,5/II_III_IV
-0.12049119174480438,GTCGTACCATCTCGGG-1,11/CA3
-0.45380452275276184,GTCGTATTGGCGTACA-1,6/RSP
-0.12049119174480438,GTCGTGTCTGGTCATC-1,10/I
-0.12049119174480438,GTCGTTATTCGCTTAT-1,2/fxs
-0.12049119174480438,GTCTACTCAATTACAA-1,2/fxs
0.0,GTCTATCTGAGTTTCT-1,0/HYL
0.0,GTCTATTGGTTCCGGT-1,5/II_III_IV
0.0,GTCTCAAGGCCCGGCT-1,5/II_III_IV
0.0,GTCTCCTGCCAGTATG-1,1/PIR
0.0,GTCTCGACTAAGTTTG-1,5/II_III_IV
-0.12049119174480438,GTCTCGATCTGCTTTC-1,6/RSP
0.0,GTCTGGGCGGTCGAGA-1,11/CA3
-0.12049119174480438,GTCTTCCTCACCTAAG-1,9/COA
-0.12049119174480438,GTGAAACGGCGCCACC-1,2/fxs
-0.12049119174480438,GTGAAACGTGCTCCAC-1,7/MB
-0.12049119174480438,GTGAACTCCCATTCGA-1,6/RSP
-0.12049119174480438,GTGAAGATTTCAAGTG-1,6/RSP
-0.12049119174480438,GTGAAGCCGTATAGTC-1,6/RSP
-0.12049119174480438,GTGAAGTCACGACTCG-1,9/COA
-0.12049119174480438,GTGACCGCACACTACG-1,8/V_VIa_VIb
0.0,GTGACGAGGGTGACCC-1,10/I
0.0,GTGACTTCAGTAGTGC-1,11/CA3
-0.12049119174480438,GTGAGCGTGCTGCACT-1,0/HYL
-0.12049119174480438,GTGAGGACACTTAAGG-1,15/CA1-pyramidal layer of the hippocampus
10.829230308532715,GTGAGGAGCGGTTGAG-1,3/CA1
-0.12049119174480438,GTGAGTCTAAGACGGA-1,0/HYL
-0.12049119174480438,GTGAGTGGTACAACGC-1,2/fxs
-0.12049119174480438,GTGATCAAGCGTGCAC-1,1/PIR
0.0,GTGATCACTAACGCCT-1,5/II_III_IV
-0.12049119174480438,GTGATCATAGATCTGC-1,11/CA3
0.0,GTGATTCGCCGCTCAA-1,11/CA3
-0.12049119174480438,GTGCACCAGCTTCAAC-1,1/PIR
12.740781466166178,GTGCACGAAAGTGACT-1,3/CA1
-0.5742957144975662,GTGCCATCACACGGTG-1,0/HYL
-0.12049119174480438,GTGCCCGTTCGGATTC-1,2/fxs
-0.5742957144975662,GTGCCGCTTCAAAGGT-1,3/CA1
-0.12049119174480438,GTGCCTAGCTATGCTT-1,7/MB
-0.12049119174480438,GTGCGAAATCGAACAC-1,3/CA1
-0.12049119174480438,GTGCGACAGGGAGTGT-1,5/II_III_IV
-0.12049119174480438,GTGCGGGTCTCCAAAT-1,0/HYL
-0.12049119174480438,GTGCGTGTATATGAGC-1,9/COA
0.0,GTGCTCAAGTACTGTC-1,4/TH
-0.12049119174480438,GTGCTGCAGATAAGGA-1,9/COA
-0.12049119174480438,GTGGAACCTACATGCG-1,6/RSP
1.7305624435345333,GTGGACCAACCCGATT-1,2/fxs
-0.12049119174480438,GTGGACGCATTTGTCC-1,6/RSP
-0.12049119174480438,GTGGACGTGCTGAGAC-1,12/Parafascicular nucleus
-0.12049119174480438,GTGGAGCGTTTACCGA-1,1/PIR
-0.12049119174480438,GTGGAGTCGGCGGTTG-1,2/fxs
-0.12049119174480438,GTGGCAAACAGCGGCA-1,9/COA
-0.12049119174480438,GTGGCCTAATATCATT-1,9/COA
-0.12049119174480438,GTGGCGGTCCCAGCGT-1,2/fxs
-0.45380452275276184,GTGGGCTTAGACACAC-1,4/TH
0.0,GTGGGTACTGAGCGTA-1,1/PIR
-0.12049119174480438,GTGGTATAGTCTGCCG-1,1/PIR
-0.12049119174480438,GTGGTGGCCAAGTGAA-1,2/fxs
-0.12049119174480438,GTGGTTACTTCTTTCG-1,5/II_III_IV
1.23204409579436,GTGGTTTCCGCCTTTC-1,2/fxs
-0.12049119174480438,GTGTACCTTGGCTACG-1,3/CA1
0.0,GTGTATATCAGCGGGC-1,5/II_III_IV
-0.12049119174480438,GTGTCAGTGTACGTGG-1,10/I
-0.12049119174480438,GTGTCGTATAGCGTTC-1,6/RSP
0.0,GTGTGAATAACTTAGG-1,3/CA1
-0.12049119174480438,GTGTGTCGACGTCGCT-1,7/MB
-0.12049119174480438,GTGTTACTATGCGTCC-1,3/CA1
0.0,GTTAAAGTAGGACTGG-1,6/RSP
0.0,GTTAACATCACTTAAA-1,6/RSP
0.0,GTTAAGGGTGCGATGT-1,5/II_III_IV
0.0,GTTAATGTCTATCTTA-1,2/fxs
0.0,GTTACAATTGGTGACG-1,0/HYL
-0.12049119174480438,GTTACCTACAACTTGC-1,11/CA3
-0.12049119174480438,GTTACTTTGGGCCTAG-1,11/CA3
-0.12049119174480438,GTTAGCCGTAAATCAA-1,5/II_III_IV
-0.12049119174480438,GTTAGGCTACCCGTTT-1,1/PIR
0.0,GTTATATCAGGAGCCA-1,5/II_III_IV
0.0,GTTATATTATCTCCCT-1,11/CA3
0.0,GTTATTAACGTGGGAG-1,0/HYL
-0.12049119174480438,GTTCAAATCAGATGTC-1,7/MB
-0.12049119174480438,GTTCACAGGAGTCTAG-1,4/TH
-0.12049119174480438,GTTCATCGTTTGGCTG-1,5/II_III_IV
-0.12049119174480438,GTTCCAGTCTGACCAT-1,7/MB
-0.12049119174480438,GTTCGCCATAAGTGCC-1,4/TH
0.0,GTTCGGGCGTACCATT-1,5/II_III_IV
-0.45380452275276184,GTTCGTCTAAAGAACT-1,5/II_III_IV
0.0,GTTCTTCCCTCGATGT-1,7/MB
-0.12049119174480438,GTTGAACCGGTTCCAT-1,0/HYL
0.0,GTTGAGTCCCGCCGGT-1,6/RSP
-0.12049119174480438,GTTGCACGGAGTTTCG-1,4/TH
-0.12049119174480438,GTTGGACCGCATCAGG-1,5/II_III_IV
0.0,GTTGGATTCAGTGGCT-1,6/RSP
-0.12049119174480438,GTTGGATTGAGAACAC-1,15/CA1-pyramidal layer of the hippocampus
0.0,GTTGGATTTGCGTTGG-1,4/TH
-0.12049119174480438,GTTGGTCATGCTATCC-1,8/V_VIa_VIb
0.0,GTTGTCGTGTTAGTTG-1,7/MB
-0.12049119174480438,GTTTACGTTCCATCTG-1,11/CA3
-0.12049119174480438,GTTTATGGGATTTAGA-1,7/MB
0.9415017316738765,GTTTCATATCGTCGCT-1,0/HYL
-0.12049119174480438,GTTTCCTGGAGGGTGA-1,4/TH
0.0,GTTTCTGCAGTCTCCC-1,3/CA1
0.0,GTTTGACCAAATCCTA-1,4/TH
-0.12049119174480438,GTTTGGCCCAAGTTAT-1,3/CA1
0.0,GTTTGGCCGCTCAGCG-1,7/MB
-0.12049119174480438,GTTTGGGCTTGTGAGC-1,2/fxs
-0.12049119174480438,GTTTGGTAGGGTCAAC-1,8/V_VIa_VIb
-0.12049119174480438,GTTTGGTGATCGGTGC-1,1/PIR
-0.12049119174480438,GTTTGTTAGCCAAGTA-1,1/PIR
-0.12049119174480438,TAAACCCAGGAGGGCA-1,2/fxs
-0.12049119174480438,TAAACGTCGTCAATGA-1,0/HYL
-0.12049119174480438,TAAAGCGGTATTTCCA-1,5/II_III_IV
-0.12049119174480438,TAAAGCGTTAGGAGAA-1,15/CA1-pyramidal layer of the hippocampus
-0.12049119174480438,TAAAGCTGCAATAGGG-1,6/RSP
-0.12049119174480438,TAAATGAATCCGTTTC-1,4/TH
-0.12049119174480438,TAACAAAGGGAGAAGC-1,12/Parafascicular nucleus
-0.12049119174480438,TAACAATATTTGTTGC-1,0/HYL
0.0,TAACAGCGTTTGTGCT-1,1/PIR
0.0,TAACATACAATGTGGG-1,3/CA1
0.0,TAACATACACGCGATC-1,1/PIR
-0.5742957144975662,TAACCTACCGTCCGAG-1,6/RSP
0.0,TAACGCTTTGAGAGCG-1,0/HYL
-0.12049119174480438,TAACTATCGAAGGTCC-1,4/TH
0.0,TAACTATTACGCCAAA-1,5/II_III_IV
-0.12049119174480438,TAACTCATCCGCGCGG-1,11/CA3
0.0,TAACTCCATGGAGGCT-1,7/MB
0.0,TAAGAGGGACAGGGAC-1,1/PIR
-0.12049119174480438,TAAGCAGGCGACACGC-1,2/fxs
-0.12049119174480438,TAAGCCCTTACGACCA-1,6/RSP
-0.5742957144975662,TAAGCGCGAATCAAAT-1,1/PIR
-0.12049119174480438,TAAGGAACTTGTGGGA-1,2/fxs
-0.12049119174480438,TAAGGCAACATAAGAT-1,14/DG
-0.45380452275276184,TAAGGCATAACATCAA-1,8/V_VIa_VIb
-0.12049119174480438,TAAGGCCCGTCACCCT-1,10/I
1.219219798843066,TAAGGCTGAATCCCTC-1,5/II_III_IV
-0.12049119174480438,TAAGGGCTGGGAGAGG-1,2/fxs
-0.12049119174480438,TAAGTAACATCTTGAC-1,3/CA1
-0.12049119174480438,TAAGTCGCCGAGTATC-1,2/fxs
-0.12049119174480438,TAATAAACAAGGAGAT-1,6/RSP
0.0,TAATACACAGTAGTAT-1,0/HYL
-0.5742957144975662,TAATAGAACAGAGTTA-1,11/CA3
-0.12049119174480438,TAATAGGTCACCAGAA-1,1/PIR
0.0,TAATAGTGACGACCAG-1,3/CA1
0.0,TAATATTGAAATTCGC-1,7/MB
0.0,TAATCAACCAAATGGG-1,10/I
0.0,TAATCGATCCGTACGT-1,2/fxs
-0.12049119174480438,TAATGAAAGACCCTTG-1,0/HYL
0.0,TAATTCCAATGCTTCA-1,1/PIR
-0.45380452275276184,TAATTGGAATCGGGAA-1,6/RSP
0.0,TAATTTCCGTCCAGTA-1,9/COA
-0.12049119174480438,TACAACGCACAACTCA-1,0/HYL
-0.12049119174480438,TACAAGTCTCGTGCAT-1,0/HYL
0.0,TACACCGTCGTTAGTC-1,10/I
-0.12049119174480438,TACATAGGCATACACC-1,11/CA3
-0.12049119174480438,TACATCCCTATCCCTG-1,13/VL
-0.12049119174480438,TACATCTTGTTTCTTG-1,0/HYL
-0.12049119174480438,TACATGACCTTATCCG-1,7/MB
-0.12049119174480438,TACATTTCTAACGTGC-1,4/TH
-0.12049119174480438,TACCAAATAGCCCAGA-1,5/II_III_IV
-0.12049119174480438,TACCAATAAAGTACCA-1,5/II_III_IV
-0.12049119174480438,TACCAGAAGTAGGTTC-1,11/CA3
-0.12049119174480438,TACCAGGAATCCCGTC-1,10/I
0.0,TACCCTCGGTAACCCT-1,1/PIR
-0.12049119174480438,TACCGCGGACTTGCAG-1,8/V_VIa_VIb
-0.12049119174480438,TACCGGCTCACTGCCC-1,11/CA3
-0.12049119174480438,TACCGGTCGTTTCCAT-1,2/fxs
-0.12049119174480438,TACCGTAGGTTAACTA-1,6/RSP
-0.12049119174480438,TACCGTGCCTCGGACC-1,8/V_VIa_VIb
-0.12049119174480438,TACCTACTCCCAGTAT-1,6/RSP
-0.12049119174480438,TACCTATCCCTAGAGG-1,9/COA
-0.12049119174480438,TACCTCACGCTTGTAC-1,7/MB
-0.12049119174480438,TACCTCAGTTGTCTGT-1,1/PIR
-0.12049119174480438,TACCTCCACACCAATG-1,1/PIR
0.0,TACCTCTTTACCATCC-1,1/PIR
0.0,TACCTGCTGCACTGTG-1,0/HYL
-0.12049119174480438,TACCTTAAGATTTCCC-1,13/VL
0.0,TACGAACACGACTTCA-1,4/TH
-0.12049119174480438,TACGACGCTTGCTGCG-1,11/CA3
-0.12049119174480438,TACGACTGCCTCTTAG-1,11/CA3
0.0,TACGAGAACTTCACGT-1,4/TH
0.0,TACGATGTTGATCATC-1,0/HYL
-0.12049119174480438,TACGCAGTTCTTTCCT-1,4/TH
-0.12049119174480438,TACGCCATATTCTAAT-1,11/CA3
-0.12049119174480438,TACGCCGAGGGTACCC-1,1/PIR
0.0,TACGCCTCCATTCCGA-1,8/V_VIa_VIb
-0.12049119174480438,TACGCTATAGAAACCT-1,5/II_III_IV
0.0,TACGCTGCTGTGTTAA-1,10/I
-0.12049119174480438,TACGGGATGCTAGCAG-1,2/fxs
0.0,TACGTACTAGTGCTGA-1,1/PIR
-0.12049119174480438,TACGTGCACTATGCTG-1,12/Parafascicular nucleus
-0.5742957144975662,TACGTTTACCGGCAAT-1,0/HYL
-0.12049119174480438,TACTATGGTTCCTCAG-1,8/V_VIa_VIb
-0.12049119174480438,TACTCCTCTAGTTGAC-1,1/PIR
-0.12049119174480438,TACTCGGCACGCCGGG-1,2/fxs
-0.12049119174480438,TACTCTCCGAACAAAT-1,2/fxs
-0.5742957144975662,TACTCTTTCGTCTTCA-1,8/V_VIa_VIb
-0.12049119174480438,TACTGAACAGATTTAG-1,2/fxs
-0.12049119174480438,TACTGAGGGAAGAAAG-1,1/PIR
0.0,TACTGCAATCAATTAC-1,8/V_VIa_VIb
7.859967072804769,TACTGGACAGCTCGGC-1,0/HYL
0.0,TACTTGTTAGTAGTCC-1,2/fxs
-0.12049119174480438,TACTTTACTGAGCCGG-1,8/V_VIa_VIb
-0.12049119174480438,TAGAAACACAATAGTG-1,7/MB
-0.12049119174480438,TAGAAAGGTGGCGCTA-1,3/CA1
-0.12049119174480438,TAGAAATTCACGTATA-1,9/COA
0.0,TAGACGCCCGTACCGG-1,3/CA1
-0.12049119174480438,TAGACTACCTAGCGTT-1,5/II_III_IV
4.947488144040108,TAGAGATCATGCAACT-1,9/COA
-0.12049119174480438,TAGAGCTACGAAGAAC-1,9/COA
9.00299326578776,TAGAGTCTAAGCGAAC-1,4/TH
-0.12049119174480438,TAGATATGGACTGGAA-1,11/CA3
-0.12049119174480438,TAGATTCCTGGTTATT-1,0/HYL
0.0,TAGCAACCTGTCACAA-1,0/HYL
-0.12049119174480438,TAGCCATTTCAAAGTC-1,8/V_VIa_VIb
-0.12049119174480438,TAGCCGGCGGTCAGCG-1,3/CA1
-0.12049119174480438,TAGCGTCCGGTGTGGT-1,6/RSP
-0.12049119174480438,TAGCGTCGAATATTGA-1,9/COA
0.0,TAGCGTTGGGTCTTAC-1,14/DG
-0.5742957144975662,TAGCTAAGTCCGGGAG-1,4/TH
-0.12049119174480438,TAGCTAGAAGGCATGA-1,11/CA3
-0.12049119174480438,TAGCTAGTGATGATGG-1,6/RSP
-0.12049119174480438,TAGCTCGCCTGATAAC-1,11/CA3
-0.12049119174480438,TAGGCATGTTACGCCA-1,2/fxs
-0.12049119174480438,TAGGCGATGAGGTCTC-1,1/PIR
-0.12049119174480438,TAGGCGGCTGCAAAGA-1,10/I
-0.12049119174480438,TAGGGAGCTTGGGATG-1,6/RSP
-0.12049119174480438,TAGGGTGTTTCAAGAG-1,0/HYL
0.0,TAGGTCCAAGTAAGGA-1,0/HYL
-0.5742957144975662,TAGGTCGCCGGAACTG-1,6/RSP
0.0,TAGGTGAGCCCTACTC-1,4/TH
-0.12049119174480438,TAGGTGCTCGCCTAGC-1,2/fxs
0.0,TAGGTGTTCCACAGAT-1,5/II_III_IV
0.0,TAGGTTCGAGTTCGTC-1,11/CA3
0.0,TAGTACCACAACTTTC-1,1/PIR
0.0,TAGTACCTTAGTGGTC-1,0/HYL
0.0,TAGTAGCTTATACCAG-1,1/PIR
-0.12049119174480438,TAGTCCCGGAGACCAC-1,1/PIR
-0.12049119174480438,TAGTCCGCAGAGAATG-1,4/TH
-0.45380452275276184,TAGTCCGTATGCATAA-1,7/MB
-0.12049119174480438,TAGTCGATCACGGGTT-1,5/II_III_IV
-0.12049119174480438,TAGTCGGGATTCTTCG-1,7/MB
1.0506012390057247,TAGTCTAACAACGAGA-1,0/HYL
-0.45380452275276184,TAGTCTGTGACGTTGC-1,8/V_VIa_VIb
0.0,TAGTGCCCTCCAGAGT-1,4/TH
0.0,TAGTGCTTGAATCCTT-1,7/MB
0.0,TAGTGTCAGAAACGGC-1,0/HYL
-0.12049119174480438,TAGTTTATTCTTGCTT-1,9/COA
-0.12049119174480438,TATAAATCCACAAGCT-1,12/Parafascicular nucleus
-0.12049119174480438,TATAAGTGAGGATAGC-1,12/Parafascicular nucleus
-0.12049119174480438,TATACACAGACGCCTT-1,11/CA3
-0.12049119174480438,TATACACGCAAAGTAT-1,12/Parafascicular nucleus
-0.12049119174480438,TATACGCGTCATCACT-1,5/II_III_IV
0.0,TATACTCATGCGGCAA-1,0/HYL
0.0,TATAGAGTCGCTTGAA-1,5/II_III_IV
-0.12049119174480438,TATAGATGGTCGCAGT-1,5/II_III_IV
-0.12049119174480438,TATAGCGCACGTTATC-1,9/COA
-0.12049119174480438,TATAGGGTACTCATGA-1,2/fxs
-0.12049119174480438,TATATAGGGCTTTACG-1,1/PIR
0.0,TATATATCGAGAAATG-1,1/PIR
-0.12049119174480438,TATATCATTGATCAGT-1,2/fxs
-0.12049119174480438,TATATCCCTGGGAGGA-1,6/RSP
-0.12049119174480438,TATATGCTGGGTTGCC-1,7/MB
-0.45380452275276184,TATATTACAAATGTCG-1,6/RSP
-0.5742957144975662,TATCAAAGGTCTGTAA-1,7/MB
1.5380126635233562,TATCACCCAACCGACC-1,8/V_VIa_VIb
0.0,TATCACTTCGAGTAAC-1,6/RSP
-0.12049119174480438,TATCAGTGGCGTAGTC-1,1/PIR
-0.5742957144975662,TATCCAATTGGTTATC-1,5/II_III_IV
-0.12049119174480438,TATCCATATCATGCGA-1,7/MB
0.0,TATCCATCTCGGTTAG-1,1/PIR
-0.12049119174480438,TATCCGCACCGTCGGG-1,6/RSP
-0.12049119174480438,TATCCTGCATGGGAAT-1,7/MB
0.0,TATCGATCTATGCATA-1,2/fxs
-0.12049119174480438,TATCGATGATTAAACG-1,12/Parafascicular nucleus
-0.5742957144975662,TATCTACAGAGGTAAT-1,0/HYL
-0.12049119174480438,TATCTACCACAGCGGG-1,11/CA3
-0.12049119174480438,TATCTAGCCTAAAGGA-1,2/fxs
-0.12049119174480438,TATCTTGCAATACAAC-1,1/PIR
0.0,TATGAAGACAGGTGCG-1,0/HYL
0.0,TATGACCTTGCGCTGG-1,9/COA
-0.12049119174480438,TATGATCCGGCACGCC-1,5/II_III_IV
-0.12049119174480438,TATGCTCCCTACTTAC-1,0/HYL
0.0,TATGGATGTGCTACGC-1,4/TH
-0.12049119174480438,TATGGCCCGGCCTCGC-1,0/HYL
-0.12049119174480438,TATGGGACCGAGCAGG-1,4/TH
0.0,TATGGGTACGTATCGT-1,4/TH
-0.12049119174480438,TATGGTCTGAGTAACA-1,4/TH
0.0,TATGGTTAGTGGGAGA-1,5/II_III_IV
-0.12049119174480438,TATGTAAAGTGCTTAA-1,1/PIR
0.0,TATGTAGAAACCCGGC-1,1/PIR
-0.5742957144975662,TATGTCAAGACCGACT-1,2/fxs
-0.12049119174480438,TATGTCTCATTGTGCC-1,3/CA1
0.0,TATTAACACCAAAGCA-1,1/PIR
-0.5742957144975662,TATTAACCTGACCGCG-1,8/V_VIa_VIb
-0.12049119174480438,TATTACCATCCTGCTT-1,6/RSP
-0.12049119174480438,TATTATGTTTGCCTGC-1,1/PIR
-0.12049119174480438,TATTCAATTCTAATCC-1,3/CA1
-0.12049119174480438,TATTCCACTCAGCTCG-1,11/CA3
-0.12049119174480438,TATTCCGAGCTGTTAT-1,5/II_III_IV
-0.12049119174480438,TATTCCTCCGCCCACT-1,3/CA1
-0.5742957144975662,TATTCGTGCCAGAATA-1,4/TH
-0.12049119174480438,TATTTAGTCTAGATCG-1,0/HYL
-0.12049119174480438,TATTTATACCGAGTAG-1,6/RSP
-0.12049119174480438,TATTTGTTACCCTTTA-1,4/TH
0.0,TCAAACAACCGCGTCG-1,0/HYL
-0.5742957144975662,TCAAACTTAGATTGTT-1,4/TH
-0.12049119174480438,TCAAAGAGCTATCTGT-1,9/COA
-0.12049119174480438,TCAAATTTGAGACTCA-1,5/II_III_IV
-0.12049119174480438,TCAACAAAGATAATTC-1,9/COA
-0.12049119174480438,TCAACACATTGGGTAA-1,7/MB
11.752287228902182,TCAACATAGCGCCCTA-1,8/V_VIa_VIb
-0.12049119174480438,TCAACATCGACCGAGA-1,13/VL
-0.12049119174480438,TCAACCATGTTCGGGC-1,4/TH
0.0,TCAACGAGGAGACAAA-1,11/CA3
-0.12049119174480438,TCAACGCAGGAAATAA-1,3/CA1
-0.12049119174480438,TCAACGCGACCGGCAG-1,2/fxs
0.0,TCAACTAACGTATAAC-1,0/HYL
0.0,TCAAGAAATACTAGCT-1,5/II_III_IV
-0.12049119174480438,TCAATACAATTGCTGC-1,2/fxs
-0.12049119174480438,TCAATACGCCGTCATG-1,5/II_III_IV
-0.12049119174480438,TCACAGATCCTCAAAC-1,7/MB
0.0,TCACAGCAAACTCGAA-1,11/CA3
-0.12049119174480438,TCACAGGAGAATAAGA-1,2/fxs
-0.12049119174480438,TCACAGGGAATCGCAA-1,8/V_VIa_VIb
-0.12049119174480438,TCACAGGTTATTGGGC-1,4/TH
-0.12049119174480438,TCACATCTTATCTGAT-1,0/HYL
0.0,TCACCCTCTTAAGATT-1,11/CA3
-0.12049119174480438,TCACCGCTCGGCACTC-1,2/fxs
0.0,TCACGCATTGTAGATC-1,4/TH
-0.12049119174480438,TCACGGTCATCGCACA-1,4/TH
-0.45380452275276184,TCACGTGCCCGATTCA-1,11/CA3
1.2046184092760086,TCACTACGACCAATGC-1,6/RSP
-0.12049119174480438,TCACTCGTGCAACGGC-1,6/RSP
0.0,TCACTCTTCGTCTGTC-1,0/HYL
0.0,TCAGAACCTCCACAGG-1,5/II_III_IV
-0.12049119174480438,TCAGACGCTATAGAAG-1,2/fxs
-0.12049119174480438,TCAGCAAATGCATCTC-1,14/DG
0.0,TCAGCAGTAGGCCCTG-1,1/PIR
-0.12049119174480438,TCAGCTTGAGCTTTCG-1,10/I
-0.12049119174480438,TCAGGGCGACTTCCTT-1,7/MB
0.0,TCAGGGCGCAAACTCG-1,0/HYL
-0.12049119174480438,TCAGGGTGTAACGTAA-1,14/DG
-0.12049119174480438,TCAGGTTCTTTGAGAA-1,4/TH
-0.12049119174480438,TCAGTACTGACCCGCG-1,4/TH
0.0,TCAGTAGGGACTATAA-1,11/CA3
-0.12049119174480438,TCAGTGTATACGTCAT-1,1/PIR
-0.12049119174480438,TCATACTTACAGATCC-1,0/HYL
0.0,TCATATGAGCTTTGTT-1,5/II_III_IV
0.0,TCATCACTCGAGCTCG-1,12/Parafascicular nucleus
1.0344096372524898,TCATCGATGGTCCCAA-1,1/PIR
-0.12049119174480438,TCATGCAGGTTCTCAT-1,2/fxs
-0.12049119174480438,TCATTTAAGTCTCCGA-1,6/RSP
0.0,TCCAACTTTAAATTCT-1,0/HYL
0.0,TCCAATAAAGGCTACC-1,5/II_III_IV
1.0672389219204585,TCCACAATGGTTTACG-1,4/TH
-0.12049119174480438,TCCACCTCTAGCCTTT-1,6/RSP
-0.12049119174480438,TCCACTTTATCTAGGT-1,3/CA1
-0.12049119174480438,TCCAGAGCACCGGTTC-1,3/CA1
0.0,TCCAGATGTACGCCAA-1,5/II_III_IV
-0.12049119174480438,TCCAGGCGAGTACGGT-1,4/TH
0.0,TCCAGGGTATATACGA-1,5/II_III_IV
-0.12049119174480438,TCCATCAATACTAATC-1,1/PIR
0.0,TCCCAAACAGACAACG-1,6/RSP
-0.12049119174480438,TCCCAAAGACGAAGGA-1,0/HYL
0.0,TCCCACTCTCTTCCGG-1,5/II_III_IV
-0.12049119174480438,TCCCAGCTTTAGTCTG-1,4/TH
-0.12049119174480438,TCCCAGGCTTAGCTAA-1,4/TH
-0.12049119174480438,TCCCGCGTACTCCTGG-1,3/CA1
-0.12049119174480438,TCCCGGGTGTGCTGCT-1,0/HYL
-0.12049119174480438,TCCCGTCAGTCCCGCA-1,3/CA1
0.0,TCCCGTCGCGTCATAG-1,10/I
-0.12049119174480438,TCCCGTGTGCAATTTG-1,2/fxs
-0.12049119174480438,TCCCTAGATCAATAGG-1,10/I
0.0,TCCCTGGCGTATTAAC-1,1/PIR
1.0799442480007808,TCCCTGGCTCGCTGGA-1,0/HYL
-0.12049119174480438,TCCCTTAGATTACTCG-1,2/fxs
-0.12049119174480438,TCCGAACTTGGCTTAC-1,0/HYL
-0.12049119174480438,TCCGAAGTAGTCACCA-1,6/RSP
-0.12049119174480438,TCCGAATGGTCCTGAG-1,10/I
-0.12049119174480438,TCCGATAATTGCCATA-1,0/HYL
-0.12049119174480438,TCCGATGACTGAGCTC-1,3/CA1
0.0,TCCGATGGTGCGACAT-1,4/TH
-0.12049119174480438,TCCGATTACATTGCCG-1,4/TH
-0.12049119174480438,TCCGCAGCCACCTAGC-1,7/MB
0.0,TCCGCCTGTCTACAAG-1,5/II_III_IV
-0.12049119174480438,TCCGCGGCAGCATCTG-1,3/CA1
-0.12049119174480438,TCCGCTGTCATCCCGG-1,8/V_VIa_VIb
-0.12049119174480438,TCCGCTTATCCCATTA-1,2/fxs
-0.12049119174480438,TCCGGAGGAAGGGCTG-1,3/CA1
0.0,TCCGGCCTAGCGTACA-1,8/V_VIa_VIb
-0.12049119174480438,TCCGGTTCGTCCGGTC-1,11/CA3
-0.12049119174480438,TCCGTAACCACAATCC-1,0/HYL
0.0,TCCGTTTAGCCTTGAA-1,15/CA1-pyramidal layer of the hippocampus
0.0,TCCTAAATTGGGAAGC-1,5/II_III_IV
-0.12049119174480438,TCCTAACCGTCGGGCA-1,1/PIR
0.0,TCCTACATCCACGGCC-1,8/V_VIa_VIb
-0.12049119174480438,TCCTAGCAAAGAAGCT-1,0/HYL
-0.12049119174480438,TCCTCGGGCTGGGCTT-1,3/CA1
-0.12049119174480438,TCCTCTACGAGATGGC-1,4/TH
0.0,TCCTCTCCAGTTGTCC-1,0/HYL
-0.45380452275276184,TCCTGCGTTGATACTC-1,0/HYL
-0.5742957144975662,TCCTTACGACGGTCCG-1,5/II_III_IV
-0.12049119174480438,TCCTTCAATCCCTACG-1,9/COA
-0.5742957144975662,TCCTTTCTTACGCTTA-1,4/TH
-0.12049119174480438,TCGAAATTTAGGACCA-1,4/TH
-0.5742957144975662,TCGAAGAACCGAGCAC-1,5/II_III_IV
-0.12049119174480438,TCGAATATCCCGCAGG-1,1/PIR
0.0,TCGACAACTGAACCCG-1,1/PIR
-0.12049119174480438,TCGAGACCAACACCGT-1,4/TH
-0.12049119174480438,TCGAGCCAGGCAGGCC-1,1/PIR
-0.12049119174480438,TCGAGTCTACGATTCG-1,1/PIR
-0.12049119174480438,TCGCAAAGATGCATTT-1,2/fxs
-0.12049119174480438,TCGCACCAGGAGGCAG-1,6/RSP
-0.12049119174480438,TCGCACTAACGTTTGT-1,7/MB
-0.12049119174480438,TCGCATCCCTAAGTGT-1,12/Parafascicular nucleus
-0.12049119174480438,TCGCCCACTGCGAGAG-1,9/COA
-0.12049119174480438,TCGCCGAAGTTGCGTC-1,2/fxs
0.0,TCGCCGCACCGCGTGA-1,9/COA
-0.12049119174480438,TCGCCGGATGGGCAAG-1,0/HYL
-0.12049119174480438,TCGCCGGTCGATCCGT-1,7/MB
-0.12049119174480438,TCGCGTCCAGAAGGTC-1,0/HYL
-0.12049119174480438,TCGCTAAACCGCTATC-1,2/fxs
-0.12049119174480438,TCGCTCGATATATTCC-1,4/TH
-0.12049119174480438,TCGCTCGGCACCAGCG-1,6/RSP
-0.12049119174480438,TCGCTGGGCGGATTGT-1,14/DG
0.0,TCGCTGTGCGTAAATC-1,12/Parafascicular nucleus
-0.12049119174480438,TCGCTTTAAACGTTTG-1,3/CA1
-0.12049119174480438,TCGGAATGCGCTCTGA-1,0/HYL
0.0,TCGGACGCCCAGCCCA-1,3/CA1
-0.12049119174480438,TCGGAGTACATGAGTA-1,14/DG
-0.12049119174480438,TCGGCGTACTGCACAA-1,9/COA
-0.12049119174480438,TCGGGAACGTGCCTAG-1,5/II_III_IV
-0.12049119174480438,TCGGGAGACAGCGTAC-1,5/II_III_IV
-0.12049119174480438,TCGGGCCGTCGTGGTA-1,8/V_VIa_VIb
-0.5742957144975662,TCGGTCCCGACAATAG-1,1/PIR
-0.12049119174480438,TCGGTGACCGCTCCGG-1,6/RSP
-0.12049119174480438,TCGTAAGACGACATTG-1,3/CA1
0.0,TCGTAAGCTCCGAGGA-1,6/RSP
-0.12049119174480438,TCGTATAGTGCAATTA-1,9/COA
-0.12049119174480438,TCGTATTACCCATTGC-1,0/HYL
-0.12049119174480438,TCGTCAAGTACGCGCA-1,1/PIR
-0.12049119174480438,TCGTCACACTGTTAGC-1,0/HYL
-0.12049119174480438,TCGTCCGCTGGCGTCT-1,12/Parafascicular nucleus
-0.12049119174480438,TCGTCTTAGGCGTTAA-1,5/II_III_IV
-0.12049119174480438,TCGTGTACTATGGATG-1,10/I
-0.12049119174480438,TCGTGTCACGCTGACA-1,2/fxs
-0.12049119174480438,TCGTTAGGAGTCCCTA-1,2/fxs
-0.12049119174480438,TCGTTGACAGGGTCCC-1,2/fxs
-0.12049119174480438,TCGTTGCTATCCGGTC-1,2/fxs
-0.12049119174480438,TCTAAAGAACAGTCTC-1,1/PIR
-0.12049119174480438,TCTAACTGTATGTAAA-1,7/MB
0.0,TCTAATACTGCCTCAG-1,1/PIR
-0.12049119174480438,TCTACCGTCCACAAGC-1,2/fxs
-0.12049119174480438,TCTAGCAATCTCCGCC-1,2/fxs
-0.12049119174480438,TCTAGCATCTTCGATG-1,12/Parafascicular nucleus
-0.12049119174480438,TCTAGCATGCCCAGAA-1,11/CA3
0.0,TCTAGGTGGCGACGCT-1,8/V_VIa_VIb
8.89892292022705,TCTAGTGATATCGTGG-1,5/II_III_IV
0.0,TCTAGTTATCAGAAGA-1,4/TH
-0.12049119174480438,TCTATCATGCAGTTAC-1,12/Parafascicular nucleus
0.0,TCTATCGGTCGCAACA-1,0/HYL
-0.12049119174480438,TCTATTACGCTGGCGA-1,7/MB
0.0,TCTCATGAGATAGGGT-1,5/II_III_IV
0.0,TCTCCAACGTAGGTTA-1,6/RSP
7.696619192759196,TCTCCCTGGGCAGCGT-1,5/II_III_IV
-0.12049119174480438,TCTCGGCTCCAGGACT-1,7/MB
-0.12049119174480438,TCTCGTGTTACGAGGA-1,9/COA
-0.12049119174480438,TCTCTAATAGCTGGTA-1,0/HYL
-0.12049119174480438,TCTCTTACCGCGAACC-1,1/PIR
0.0,TCTGAACCGGTCGGCT-1,12/Parafascicular nucleus
-0.12049119174480438,TCTGAACTCGTACCCG-1,5/II_III_IV
-0.12049119174480438,TCTGAAGCACGTGGTC-1,10/I
0.0,TCTGAATTCCGTACAA-1,8/V_VIa_VIb
0.0,TCTGATGTATTCTGTC-1,5/II_III_IV
-0.12049119174480438,TCTGCAGATTCGAGTC-1,7/MB
-0.12049119174480438,TCTGCCAGAAACTGCA-1,3/CA1
-0.12049119174480438,TCTGCGTCCGGTTTCT-1,7/MB
-0.12049119174480438,TCTGCTTAGAACAAGC-1,10/I
-0.12049119174480438,TCTGGCGCAAGCCGGG-1,9/COA
-0.12049119174480438,TCTGGGAACCTTTGAA-1,5/II_III_IV
-0.12049119174480438,TCTGGGTAGCGCTCAT-1,0/HYL
-0.12049119174480438,TCTGTGCCATCATAGT-1,3/CA1
-0.12049119174480438,TCTGTTACCCAGCATA-1,3/CA1
0.0,TCTTAACTCGGATGTA-1,7/MB
-0.12049119174480438,TCTTACAGAGGTACCG-1,7/MB
-0.12049119174480438,TCTTACCGGAACTCGT-1,2/fxs
0.0,TCTTACGGCATCCGAC-1,4/TH
0.0,TCTTACTTATGCCTCT-1,5/II_III_IV
0.0,TCTTAGAGCTCCAATT-1,10/I
1.393419901529948,TCTTAGAGTGAACTCT-1,5/II_III_IV
-0.12049119174480438,TCTTCCCATGGGCACA-1,8/V_VIa_VIb
0.0,TCTTCGAATAGACGTT-1,3/CA1
0.0,TCTTCGATACCAATAA-1,3/CA1
-0.12049119174480438,TCTTGATGCGTAGCGA-1,14/DG
0.0,TCTTGGTAACACCAAA-1,0/HYL
0.0,TCTTTAAGACTATGAA-1,6/RSP
0.0,TGAAAGGACCTGACTC-1,3/CA1
-0.12049119174480438,TGAACAAGCAGGGACT-1,1/PIR
-0.12049119174480438,TGAACTGCTATGACTT-1,9/COA
0.0,TGAAGAGCGGTCCTAG-1,0/HYL
0.0,TGAAGTAGCTTACGGA-1,0/HYL
-0.12049119174480438,TGAATATGCTATAAAC-1,10/I
-0.12049119174480438,TGAATGAGTGTTTCCC-1,5/II_III_IV
-0.12049119174480438,TGAATTTCACTTGCCT-1,9/COA
-0.12049119174480438,TGACACTTCTCTTTGC-1,6/RSP
-0.12049119174480438,TGACAGGACAAGTCCA-1,1/PIR
-0.12049119174480438,TGACATATATGACGAT-1,9/COA
0.0,TGACATCGAGCGGACC-1,5/II_III_IV
-0.12049119174480438,TGACCCACGTTAGACA-1,4/TH
-0.12049119174480438,TGACGATGCACTAGAA-1,8/V_VIa_VIb
0.0,TGACTATAATCCTTTC-1,15/CA1-pyramidal layer of the hippocampus
0.0,TGACTCCGAATCATAC-1,1/PIR
-0.12049119174480438,TGACTCTAACTGGTAA-1,1/PIR
-0.12049119174480438,TGAGAATGCTTTACCG-1,7/MB
-0.12049119174480438,TGAGACGTACCTCTCA-1,9/COA
-0.12049119174480438,TGAGAGATTTACCACG-1,6/RSP
-0.12049119174480438,TGAGATTAGGCCCTAA-1,6/RSP
0.0,TGAGCCATACAGTCTC-1,0/HYL
-0.12049119174480438,TGAGCGGAAAGTGTTC-1,6/RSP
0.0,TGAGCTTTAATGACGC-1,2/fxs
-0.5742957144975662,TGAGGAGTGCCAGCTT-1,6/RSP
0.0,TGAGGCATGTACTGTG-1,1/PIR
-0.12049119174480438,TGAGTAAATTAGCGTA-1,11/CA3
-0.12049119174480438,TGAGTGCCTCTTAAAT-1,3/CA1
-0.12049119174480438,TGAGTGGTCCGTGACG-1,3/CA1
-0.12049119174480438,TGATACATTTAGCCGT-1,2/fxs
-0.12049119174480438,TGATAGCGGGATTCTA-1,7/MB
-0.12049119174480438,TGATCAGGGAACTGCT-1,2/fxs
-0.12049119174480438,TGATCCCAGCATTAGT-1,6/RSP
-0.5742957144975662,TGATCGGTTTGACCCT-1,4/TH
-0.12049119174480438,TGATCTACGCTGATCT-1,6/RSP
0.0,TGATCTCCGGCGCCAG-1,4/TH
-0.12049119174480438,TGATGGCTGTTTCTGA-1,10/I
-0.12049119174480438,TGATTCAGGTCCCGCG-1,9/COA
0.0,TGATTCCCGGTTACCT-1,5/II_III_IV
-0.12049119174480438,TGATTCGTCTATCACT-1,4/TH
-0.12049119174480438,TGATTCTGTCGCCGGT-1,11/CA3
-0.12049119174480438,TGATTTATTAGCTGTG-1,0/HYL
-0.12049119174480438,TGATTTCCTCCTGACG-1,0/HYL
-0.12049119174480438,TGCAAGAATGACGTAA-1,4/TH
-0.12049119174480438,TGCAATTTGGGCACGG-1,3/CA1
0.0,TGCACTATGTGAGTGC-1,7/MB
-0.12049119174480438,TGCAGAACTATATCGT-1,2/fxs
-0.12049119174480438,TGCAGAGTACCGAGCA-1,4/TH
-0.12049119174480438,TGCAGGATCGGCAAAG-1,3/CA1
-0.12049119174480438,TGCAGTTTCCTCCCAT-1,8/V_VIa_VIb
-0.12049119174480438,TGCATATGTCTGTCAC-1,15/CA1-pyramidal layer of the hippocampus
-0.12049119174480438,TGCATGGATCGGATCT-1,0/HYL
-0.12049119174480438,TGCATGTGACCCATAG-1,10/I
-0.12049119174480438,TGCATGTGGTAATCTA-1,3/CA1
-0.12049119174480438,TGCCAAAGTCAGACTT-1,13/VL
-0.12049119174480438,TGCCAATGGGTACTCT-1,2/fxs
-0.12049119174480438,TGCCACACTAGAGGAA-1,9/COA
0.0,TGCCACCTGGCGAAAC-1,3/CA1
-0.12049119174480438,TGCCAGTACGTGGAGA-1,8/V_VIa_VIb
0.0,TGCCATTACTAAAGAA-1,2/fxs
-0.12049119174480438,TGCCCGTACCGTTAAA-1,2/fxs
-0.12049119174480438,TGCCGGATGTACGAGC-1,1/PIR
-0.12049119174480438,TGCCGTGGATCGTCCT-1,6/RSP
-0.12049119174480438,TGCCGTTCTTAATCGG-1,1/PIR
-0.12049119174480438,TGCCTGACATCGGTCA-1,7/MB
-0.12049119174480438,TGCCTGATCAAACGAT-1,3/CA1
0.0,TGCCTTGGCCAGGCAA-1,5/II_III_IV
-0.12049119174480438,TGCGAATATGGGATTT-1,9/COA
-0.12049119174480438,TGCGACACCCTAGTGC-1,11/CA3
-0.12049119174480438,TGCGACGGCCGAACGT-1,1/PIR
8.152837912241617,TGCGAGAATATTACCC-1,11/CA3
-0.12049119174480438,TGCGATGCTAATGGCT-1,7/MB
-0.12049119174480438,TGCGCAAAGCATTTGG-1,3/CA1
-0.12049119174480438,TGCGCGATTAACGGAG-1,4/TH
-0.12049119174480438,TGCGGAGTAAAGGTGC-1,3/CA1
-0.12049119174480438,TGCGGCATAGTTCAAC-1,9/COA
-0.5742957144975662,TGCGTAAGAACCTGAT-1,0/HYL
-0.12049119174480438,TGCGTCATGACTGAGC-1,9/COA
-0.12049119174480438,TGCGTGATTGGGTGTC-1,7/MB
-0.12049119174480438,TGCGTTTGTTGACACT-1,15/CA1-pyramidal layer of the hippocampus
-0.12049119174480438,TGCTAAGTGTCTATTT-1,5/II_III_IV
-0.12049119174480438,TGCTCCACAGTTCTTA-1,5/II_III_IV
-0.12049119174480438,TGCTCGGCGAAACCCA-1,6/RSP
-0.12049119174480438,TGCTGGTTGGACAATT-1,12/Parafascicular nucleus
0.0,TGCTGTTGAAGAACTC-1,11/CA3
0.0,TGCTTAGAGAGAATGC-1,1/PIR
-0.5742957144975662,TGCTTCCCAAGCAGTA-1,5/II_III_IV
8.398052851359049,TGGAACCACTGACACA-1,8/V_VIa_VIb
-0.12049119174480438,TGGAAGAAGGGAACGT-1,0/HYL
-0.12049119174480438,TGGAAGACGAACACCA-1,7/MB
-0.12049119174480438,TGGAAGGATAAAGATG-1,0/HYL
0.0,TGGAATATCCTTGACC-1,6/RSP
-0.12049119174480438,TGGAATTAGACGCTTT-1,0/HYL
-0.12049119174480438,TGGACACCGTTGCTTG-1,0/HYL
-0.12049119174480438,TGGACGCAATCCAGCC-1,1/PIR
-0.12049119174480438,TGGACTGTTCGCTCAA-1,3/CA1
-0.12049119174480438,TGGAGTGATGCGATGA-1,4/TH
-0.12049119174480438,TGGCAAACTAAATTAC-1,8/V_VIa_VIb
-0.12049119174480438,TGGCAACTCGCGCGCC-1,2/fxs
-0.12049119174480438,TGGCAAGCACAAGTCG-1,10/I
0.0,TGGCAGATTACGATCA-1,11/CA3
0.0,TGGCAGCAGTAATAGT-1,11/CA3
-0.12049119174480438,TGGCATGAAGTTTGGG-1,1/PIR
0.0,TGGCCAAACTGAAGTA-1,3/CA1
-0.12049119174480438,TGGCCAATTTGGTACT-1,9/COA
-0.12049119174480438,TGGCCGTATATTGACC-1,4/TH
-0.12049119174480438,TGGCGACTGCTCCAAA-1,2/fxs
-0.12049119174480438,TGGCGATCAAGTTATG-1,11/CA3
-0.12049119174480438,TGGCTCTTGTCGCGTA-1,13/VL
-0.12049119174480438,TGGCTTATGTATAATG-1,1/PIR
-0.12049119174480438,TGGCTTTGGGTAGACA-1,12/Parafascicular nucleus
0.0,TGGGAAATGCCTTTCC-1,0/HYL
-0.12049119174480438,TGGGCACGTTCTATGG-1,3/CA1
-0.5742957144975662,TGGGCCACAAGAGCGC-1,3/CA1
0.0,TGGGCCCATACTAATT-1,5/II_III_IV
-0.12049119174480438,TGGGTAAGGTTCCCGC-1,3/CA1
-0.12049119174480438,TGGGTTCCCGGACGGA-1,7/MB
-0.12049119174480438,TGGTAAGCAGGATTGA-1,13/VL
0.0,TGGTAGAATATATGGG-1,10/I
-0.12049119174480438,TGGTCCCACGCTACGG-1,8/V_VIa_VIb
-0.12049119174480438,TGGTCGTGCAAGGCAA-1,9/COA
-0.12049119174480438,TGGTCTAGCTTACATG-1,7/MB
-0.5742957144975662,TGGTCTGTTGGGCGTA-1,0/HYL
-0.12049119174480438,TGGTGATCGTATTTGT-1,0/HYL
-0.12049119174480438,TGGTTAACTTACATTT-1,1/PIR
-0.12049119174480438,TGGTTAAGGGCGCTGG-1,10/I
-0.12049119174480438,TGGTTATGCTTGCGGT-1,7/MB
-0.12049119174480438,TGGTTCAACGGGTAAT-1,8/V_VIa_VIb
0.0,TGGTTCGTAGCAAAGG-1,0/HYL
-0.12049119174480438,TGGTTTAAACGTGGGT-1,5/II_III_IV
-0.12049119174480438,TGTAATGACCACAATA-1,2/fxs
0.0,TGTACGAACAAATCCG-1,4/TH
-0.12049119174480438,TGTAGGAGAAATTTCC-1,15/CA1-pyramidal layer of the hippocampus
0.0,TGTAGTGATCTATAAT-1,0/HYL
0.0,TGTATAACAGATCCTG-1,3/CA1
-0.12049119174480438,TGTATGGCGCAGACAG-1,6/RSP
0.0,TGTCATTTGTTGGGAA-1,6/RSP
0.0,TGTCCGTGGCGCCTTT-1,0/HYL
-0.5742957144975662,TGTCCTAAGTCACCGC-1,0/HYL
0.0,TGTCGTTATCACATAT-1,1/PIR
-0.12049119174480438,TGTGACTACGCCAGTC-1,3/CA1
-0.12049119174480438,TGTGAGACTAGCCCAA-1,5/II_III_IV
-0.12049119174480438,TGTGCCAGAGGCAAAG-1,1/PIR
-0.12049119174480438,TGTGCTTTACGTAAGA-1,2/fxs
0.0,TGTGGCAAAGCGTATG-1,3/CA1
0.0,TGTGGCGGGCTTCTGG-1,5/II_III_IV
-0.12049119174480438,TGTGGTTGCTAAAGCT-1,5/II_III_IV
0.0,TGTGTCGAAGTCGAGG-1,9/COA
-0.12049119174480438,TGTGTCGCGAGTTGCA-1,4/TH
-0.12049119174480438,TGTGTGACCATGAATC-1,9/COA
-0.5742957144975662,TGTGTTCGTATCCAAG-1,0/HYL
0.0,TGTTATTGTATGTGGC-1,8/V_VIa_VIb
-0.5742957144975662,TGTTCATAAATGTGCT-1,7/MB
-0.5742957144975662,TGTTCCGCTTCCATGA-1,2/fxs
-0.12049119174480438,TGTTCGTATTGCGGTG-1,11/CA3
-0.5742957144975662,TGTTCTTCCATTGACT-1,4/TH
0.0,TGTTGTCAAGAAGTCT-1,3/CA1
-0.12049119174480438,TGTTTCGGTACTTCTC-1,7/MB
0.0,TGTTTCTGAAGCGTGC-1,10/I
-0.12049119174480438,TTAAACCTGGTTCCTT-1,7/MB
-0.12049119174480438,TTAAACTCGAATTCAT-1,8/V_VIa_VIb
-0.12049119174480438,TTAACACCTCGAACAT-1,0/HYL
-0.12049119174480438,TTAACCAACCCTCCCT-1,7/MB
0.0,TTAACGAACAAGCAGT-1,5/II_III_IV
-0.12049119174480438,TTAACGTTAAAGCCTG-1,9/COA
-0.12049119174480438,TTAACTCACGCGTGGA-1,7/MB
-0.12049119174480438,TTAAGATAGGATTGAC-1,5/II_III_IV
-0.12049119174480438,TTAAGCCGACAACTTC-1,13/VL
-0.12049119174480438,TTAAGCGCCTGACCCA-1,4/TH
-0.12049119174480438,TTAAGGCCCGTACTTT-1,1/PIR
-0.12049119174480438,TTAATCAGTACGTCAG-1,6/RSP
-0.12049119174480438,TTAATGTAGACCAGGT-1,3/CA1
0.0,TTAATGTGTTTGCAGG-1,7/MB
2.2522053668896356,TTAATTTCAGACGCGG-1,3/CA1
-0.12049119174480438,TTACAACTACGCATCC-1,12/Parafascicular nucleus
0.0,TTACAGACCTAAATGA-1,8/V_VIa_VIb
-0.12049119174480438,TTACATCGTGGCCTGG-1,12/Parafascicular nucleus
-0.12049119174480438,TTACATGCCACAACTA-1,5/II_III_IV
1.141236777106921,TTACCATTGATTACCC-1,0/HYL
-0.12049119174480438,TTACCCATTGCCGGGT-1,2/fxs
-0.12049119174480438,TTACCCTAACAGTCCT-1,0/HYL
-0.12049119174480438,TTACCCTAGGGATTGG-1,6/RSP
-0.12049119174480438,TTACCGCCTTAGGGAA-1,7/MB
0.0,TTACGGATGGTTCGAG-1,8/V_VIa_VIb
-0.12049119174480438,TTACTAAAGGACTTTA-1,8/V_VIa_VIb
-0.12049119174480438,TTACTATCGGCTTCTC-1,2/fxs
-0.12049119174480438,TTACTCCGGCCGGGAA-1,3/CA1
-0.12049119174480438,TTACTCTGGTACGTAC-1,2/fxs
0.0,TTACTGGGATATTTCA-1,11/CA3
-0.12049119174480438,TTACTGTCTAGAGCTC-1,5/II_III_IV
-0.12049119174480438,TTAGAAGAACATGACT-1,8/V_VIa_VIb
-0.12049119174480438,TTAGAATAAGGGTCGG-1,1/PIR
-0.12049119174480438,TTAGACACGATCGTTG-1,6/RSP
0.0,TTAGACGAGTCACCTC-1,8/V_VIa_VIb
0.0,TTAGAGGGATATACAG-1,1/PIR
0.0,TTAGAGTTTAGAAGGA-1,6/RSP
-0.12049119174480438,TTAGATAGGTCGATAC-1,7/MB
-0.45380452275276184,TTAGCAACATGGATGT-1,12/Parafascicular nucleus
-0.12049119174480438,TTAGCTAATACGATCT-1,8/V_VIa_VIb
0.0,TTAGCTCTGTAATCCG-1,0/HYL
-0.12049119174480438,TTAGCTGATTTGCCGT-1,6/RSP
-0.12049119174480438,TTAGGTCATAACCGAC-1,1/PIR
1.4796431014935176,TTAGTAGGGCGGCGGG-1,0/HYL
0.0,TTAGTTATTCGTGGCA-1,5/II_III_IV
0.0,TTAGTTCAAGTGTTCG-1,6/RSP
-0.12049119174480438,TTATAGGTAATTGTCT-1,10/I
0.0,TTATATACGCTGTCAC-1,3/CA1
-0.12049119174480438,TTATATTTGGCAATCC-1,0/HYL
-0.12049119174480438,TTATCCAATCGAACTC-1,7/MB
0.0,TTATCCGGGATCTATA-1,5/II_III_IV
-0.5742957144975662,TTATCCTCAAGGAATA-1,9/COA
-0.12049119174480438,TTATCGCCTGCGAAGC-1,0/HYL
-0.12049119174480438,TTATCTGACATTAGGA-1,9/COA
0.0,TTATCTGTATCATAAC-1,0/HYL
-0.12049119174480438,TTATGAATGAAAGGGA-1,11/CA3
0.0,TTATGACAAACTGGAT-1,4/TH
-0.12049119174480438,TTATGATCTTAACGAA-1,15/CA1-pyramidal layer of the hippocampus
-0.12049119174480438,TTATGTTTGCGATAGA-1,0/HYL
0.0,TTATTAGAGCGTGTTC-1,3/CA1
-0.12049119174480438,TTATTAGGGAAGCATC-1,7/MB
0.0,TTATTTAGGTTCCTTA-1,1/PIR
-0.12049119174480438,TTCAAAGTCTCTAGCC-1,3/CA1
0.0,TTCAACGACCCGACCG-1,12/Parafascicular nucleus
-0.12049119174480438,TTCAATACTCTGAATC-1,2/fxs
-0.12049119174480438,TTCACGAAAGGATCAC-1,4/TH
0.0,TTCACTCGAGCACCTA-1,6/RSP
-0.12049119174480438,TTCACTTCCTAGAACG-1,10/I
0.0,TTCAGCCCTGGTCCAC-1,6/RSP
0.0,TTCAGTTTGTGGCAGC-1,0/HYL
-0.12049119174480438,TTCATAGGGTGTCCAT-1,7/MB
-0.12049119174480438,TTCATGGCGCAACAGG-1,6/RSP
-0.12049119174480438,TTCCAATCAGAGCTAG-1,2/fxs
-0.12049119174480438,TTCCAATCTGGCTATC-1,11/CA3
-0.12049119174480438,TTCCACACAGATTTGA-1,11/CA3
-0.5742957144975662,TTCCATCATGCGGTGA-1,6/RSP
-0.12049119174480438,TTCCCGGCGCCAATAG-1,9/COA
0.0,TTCCGCAGAGAAATAT-1,8/V_VIa_VIb
-0.12049119174480438,TTCCGCGTGAGGCGAT-1,11/CA3
-0.12049119174480438,TTCCGGCCTTGAGGCT-1,2/fxs
0.0,TTCCGGTTACCCACTT-1,8/V_VIa_VIb
0.0,TTCCTCGAGGGTGTCT-1,12/Parafascicular nucleus
-0.45380452275276184,TTCCTCGGACTAACCA-1,5/II_III_IV
-0.12049119174480438,TTCCTCTGCCCGAATA-1,2/fxs
-0.12049119174480438,TTCCTTTCTGTGTTGC-1,7/MB
0.0,TTCGACAGAGCCCGTG-1,8/V_VIa_VIb
-0.12049119174480438,TTCGACGGGAAGGGCG-1,4/TH
-0.12049119174480438,TTCGCACTCGCGTGCT-1,4/TH
-0.12049119174480438,TTCGCACTGTACGACA-1,5/II_III_IV
-0.12049119174480438,TTCGCATCCGGAAGCA-1,7/MB
-0.12049119174480438,TTCGCCGCTCGCGCTA-1,1/PIR
-0.12049119174480438,TTCGCGCGCCATACGA-1,8/V_VIa_VIb
-0.12049119174480438,TTCGCTATCTGACGTG-1,8/V_VIa_VIb
-0.12049119174480438,TTCGGCAACCCGCTGA-1,6/RSP
0.0,TTCGGCTAGAGATGGT-1,7/MB
-0.12049119174480438,TTCGGGACTAATCGCG-1,3/CA1
-0.12049119174480438,TTCGGGCGCTAGTCTT-1,2/fxs
-0.12049119174480438,TTCGTACTCCAGAACG-1,2/fxs
-0.12049119174480438,TTCGTTCAACGAAGTT-1,6/RSP
-0.12049119174480438,TTCTAACCGAAGCTTA-1,2/fxs
-0.12049119174480438,TTCTACTTGCGAGGGC-1,12/Parafascicular nucleus
-0.12049119174480438,TTCTAGAAAGTCTTAT-1,1/PIR
-0.12049119174480438,TTCTAGGCCAATTGTG-1,12/Parafascicular nucleus
-0.12049119174480438,TTCTATTAAACGCAGC-1,10/I
-0.12049119174480438,TTCTCTTACAGGTGAT-1,10/I
0.0,TTCTGACCGGGCTCAA-1,5/II_III_IV
-0.12049119174480438,TTCTGCCGCGCCTAGA-1,2/fxs
-0.12049119174480438,TTCTGCGAGCGCCCTT-1,2/fxs
-0.12049119174480438,TTCTGCGGGTTAGCGG-1,15/CA1-pyramidal layer of the hippocampus
-0.12049119174480438,TTCTGCTAGACTCCAA-1,6/RSP
-0.12049119174480438,TTCTGTTTCCTGTCGC-1,0/HYL
-0.12049119174480438,TTCTTAGTGAACGGTG-1,12/Parafascicular nucleus
-0.12049119174480438,TTCTTAGTGGCTCAGA-1,7/MB
-0.12049119174480438,TTCTTGAGCCGCGCTA-1,11/CA3
-0.12049119174480438,TTCTTGGACGATCTGC-1,2/fxs
-0.12049119174480438,TTCTTGGAGTAATGAG-1,6/RSP
-0.12049119174480438,TTCTTGTAACCTAATG-1,12/Parafascicular nucleus
-0.12049119174480438,TTCTTGTGTCCATCAG-1,2/fxs
-0.45380452275276184,TTCTTTGGTCGCGACG-1,6/RSP
0.0,TTGAACGAATCCTTTG-1,0/HYL
-0.12049119174480438,TTGAAGAATTCCCAGG-1,4/TH
0.0,TTGAAGGATGGGCGCC-1,1/PIR
-0.12049119174480438,TTGAATATGGACTTTC-1,3/CA1
-0.12049119174480438,TTGAATCGTTGTATAA-1,9/COA
-0.12049119174480438,TTGAATTCACGTGAGG-1,6/RSP
0.0,TTGACAGGAGCTCCCG-1,5/II_III_IV
-0.12049119174480438,TTGACATGAACGTGGA-1,2/fxs
-0.12049119174480438,TTGACCATGTTCTCCG-1,3/CA1
-0.12049119174480438,TTGACCGTGTTAATGA-1,3/CA1
0.0,TTGACGCTCCATGAGC-1,5/II_III_IV
-0.12049119174480438,TTGACTACCATATGGT-1,0/HYL
0.0,TTGAGAAGTTTAGCAT-1,10/I
-0.12049119174480438,TTGAGAGTACTGCTAA-1,2/fxs
0.0,TTGATAGTCAATACAT-1,10/I
-0.12049119174480438,TTGATCTAACTTTGTC-1,4/TH
-0.12049119174480438,TTGATGTGTAGTCCCG-1,2/fxs
-0.12049119174480438,TTGATTAGCTGTTTCT-1,3/CA1
0.0,TTGATTATGCAGATGA-1,4/TH
0.0,TTGCACAATTCAGAAA-1,11/CA3
-0.12049119174480438,TTGCACGGAGCAGCAC-1,0/HYL
-0.5742957144975662,TTGCATGCTGATCACG-1,0/HYL
0.0,TTGCCATAGCCCGCTC-1,9/COA
-0.12049119174480438,TTGCCCTGATCACGGG-1,0/HYL
-0.12049119174480438,TTGCCGCAGACCTACA-1,1/PIR
-0.12049119174480438,TTGCGCTCTCTCGCTT-1,7/MB
-0.12049119174480438,TTGCGGCATCAGAAAG-1,3/CA1
-0.12049119174480438,TTGCGTAGTTTGAGGA-1,0/HYL
-0.5742957144975662,TTGCGTCGGCCAACCG-1,11/CA3
-0.12049119174480438,TTGCGTGAACGCTTAG-1,3/CA1
-0.12049119174480438,TTGCTCCCATACCGGA-1,3/CA1
-0.12049119174480438,TTGCTGAAGGAACCAC-1,0/HYL
0.0,TTGCTGATCATGTTCG-1,4/TH
0.0,TTGCTGCACCTATCCA-1,0/HYL
-0.12049119174480438,TTGGACATGTGGCTTA-1,2/fxs
0.0,TTGGACCTATAACAGT-1,10/I
-0.12049119174480438,TTGGATATCGTCTACG-1,11/CA3
-0.12049119174480438,TTGGATTGGGTACCAC-1,7/MB
-0.12049119174480438,TTGGCCATCTTGCGCT-1,7/MB
0.0,TTGGCCTAGAATTTCG-1,2/fxs
-0.12049119174480438,TTGGCTCGCATGAGAC-1,12/Parafascicular nucleus
-0.12049119174480438,TTGGGACACTGCCCGC-1,3/CA1
-0.12049119174480438,TTGGGCGGCGGTTGCC-1,14/DG
-0.12049119174480438,TTGGTCACACTCGTAA-1,11/CA3
-0.12049119174480438,TTGGTTGCGGTGCGCG-1,9/COA
0.0,TTGTAAGGACCTAAGT-1,2/fxs
0.0,TTGTAAGGCCAGTTGG-1,3/CA1
-0.12049119174480438,TTGTAATCCGTACTCG-1,4/TH
0.0,TTGTACACCTCGAACA-1,1/PIR
-0.12049119174480438,TTGTCACCGCGGTATC-1,1/PIR
0.0,TTGTCGTTCAGTTACC-1,0/HYL
-0.12049119174480438,TTGTGAGGCATGACGC-1,13/VL
0.0,TTGTGCAGCCACGTCA-1,5/II_III_IV
-0.12049119174480438,TTGTGCGGAAGCGGAT-1,10/I
0.0,TTGTGGCCCTGACAGT-1,0/HYL
-0.12049119174480438,TTGTGGTAGGAGGGAT-1,13/VL
0.0,TTGTGTATGCCACCAA-1,8/V_VIa_VIb
-0.12049119174480438,TTGTGTTTCCCGAAAG-1,2/fxs
-0.12049119174480438,TTGTTAGCAAATTCGA-1,12/Parafascicular nucleus
0.0,TTGTTCAGTGTGCTAC-1,0/HYL
-0.12049119174480438,TTGTTCTAGATACGCT-1,7/MB
-0.12049119174480438,TTGTTGTGTGTCAAGA-1,3/CA1
-0.5742957144975662,TTGTTTCACATCCAGG-1,1/PIR
-0.12049119174480438,TTGTTTCATTAGTCTA-1,1/PIR
8.261462211608887,TTGTTTCCATACAACT-1,9/COA
